0.00308920,3998,3.75310311,0.00093875,0.00000061,15,2501.72283606
0.00063767,2705,2.52204656,0.00093236,0.00000061,15,2487.18599670
0.00063634,1562,1.48296260,0.00094940,0.00000059,16,2557.15609186
0.00066179,3401,3.17060902,0.00093226,0.00000061,15,2491.55368441
0.00064443,1667,1.55011603,0.00092988,0.00000059,16,2541.71045791
0.00131949,2157,10.83644120,0.00502385,0.00000061,15,2487.18599670
0.00127334,2848,14.35693504,0.00504106,0.00000061,15,2497.16451879
0.00127699,2408,12.02086159,0.00499205,0.00000059,16,2552.79158817
0.00129070,1785,8.92279775,0.00499877,0.00000061,15,2495.98753773
0.00127041,1521,7.81989375,0.00514128,0.00000059,16,2538.52172731
0.00191432,1316,26.13223700,0.01985732,0.00000061,15,2486.74007126
0.00185408,1171,23.05271184,0.01968635,0.00000060,15,2535.05897786
0.00187328,1643,32.33503386,0.01968048,0.00000061,15,2487.18599670
0.00192254,1407,27.51958387,0.01955905,0.00000061,15,2487.18599670
0.00187652,1295,25.81132326,0.01993152,0.00000061,15,2494.03166673
