0.00048697,3612,3.18657799,0.00088222,0.00000071,13,2138.79240544
0.00050107,1606,1.43553287,0.00089386,0.00000071,13,2137.98212714
0.00051936,1719,1.53464133,0.00089275,0.00000067,14,2256.07562041
0.00050638,1521,1.38234319,0.00090884,0.00000071,13,2140.90920586
0.00052249,2379,2.14867681,0.00090318,0.00000070,13,2176.49072571
0.00100755,1381,6.65994702,0.00482255,0.00000071,13,2142.67606914
0.00101417,1559,7.53732928,0.00483472,0.00000071,13,2122.82246108
0.00096708,1206,6.78115933,0.00562285,0.00000071,13,2141.44171327
0.00141772,2028,12.06831790,0.00595085,0.00000071,13,2127.03815516
0.00111146,1883,9.35438456,0.00496781,0.00000071,13,2131.90720676
0.00145366,1389,26.90761273,0.01937193,0.00000071,13,2132.76078192
0.00144569,1120,22.24634066,0.01986280,0.00000071,13,2121.61144443
0.00154312,1629,31.67072816,0.01944182,0.00000071,13,2130.02178462
0.00154549,1208,23.53476267,0.01948242,0.00000071,13,2135.07746356
0.00145074,1368,26.56660400,0.01942003,0.00000071,13,2129.54330375
