1000
200
30
60.383281160813226
99.32586068421082
62.577417293662236
145.92660925842443
13
71.62365185483846
32.57642044956069
22
79.7204026980598
50.160914115370694
4
83.05306929979288
82.11660852273627
20
70.87174942915301
103.92751679116571
23
-12.821253867393132
66.83693979257737
13
4.627913162777588
74.44025401675438
3
56.63853673297827
28.032004474718924
3
57.54263524223185
67.88020343802583
11
-2.8848668492216376
128.69256654159852
6
133.9235238283751
56.81475992330652
1
-6.262700122226747
137.79180599266869
4
111.99912832383158
62.216564932060614
1
38.25922506412188
114.92592526331796
9
98.78958783206092
51.73941939918601
16
13.787969865378997
152.4286720127298
13
102.45913819430614
20.78011729928516
5
20.23952426865661
126.5165949805299
20
77.93283649049305
127.91166632384227
5
-23.79304504619327
101.8304186633438
4
57.50178982359823
84.72051179019971
8
60.532642585169555
76.36338712158235
18
-8.42016724405358
44.77529497734428
21
4.51138126900922
89.57880552093127
7
24.249939990448965
79.63055164443693
11
48.21676085676937
60.03003747676389
7
85.60261987139243
49.910502356499244
22
115.8377733696128
84.80742465506157
6
80.62157077558534
5.756119808808798
8
15.242637754891803
155.2038966283869
8
86.09587505205853
52.21644902399259
10
21.4523053870564
115.17768026464842
12
108.09723872973085
34.13479238309143
4
4.801308761132688
93.92142158400466
14
110.66580953731106
129.50318925274874
10
-18.118595301285204
67.15914163617276
11
40.79742990207103
96.88031261921125
2
86.7132596886566
74.86127478498017
13
17.09374855085865
143.80564668628747
5
16.390366517054957
17.573714146849618
10
13.498289108265297
55.07312942944423
11
-33.06042993312825
106.76627632025534
6
104.71080181870961
62.48634170860455
19
-5.022338248901939
95.3528779030726
10
-21.15778862874432
113.97599110548785
14
132.3167064315224
45.28515011110118
9
76.99889715878085
3.7891262885688306
12
55.14413564559307
140.2580443926453
4
51.75033734797671
118.46169506424837
2
76.88644770159105
96.52629414241358
4
3.6011253378190133
79.36429770476173
4
-17.946955965901154
136.33646252706146
5
57.057164565981054
148.934490426249
9
90.22439308584593
23.05627079448015
1
120.38466674555825
30.5954380392702
10
24.781339259652725
56.006851658949195
9
42.34958978176607
95.95797710151885
1
101.38534928142725
93.49870540887159
8
110.10524686816613
121.19224695378765
9
40.69795163069
20.882383538738488
9
98.64013680617914
114.95534126701631
11
120.26000934174222
34.31348450219863
5
105.72200388152235
70.67668410796489
15
37.58428246886723
96.10177216221263
3
89.6916699239981
56.34019856953086
2
-19.655666396189332
65.9713808914479
3
114.72557998905789
93.82403772736512
4
31.64217695680135
27.553860114573673
1
56.523131477383444
75.845384422103
11
92.76734947853937
52.06676515937331
5
4.488576894928329
62.95540543863435
1
78.76145629949345
48.6795886480276
8
60.788300775493695
64.13015411931627
3
-17.976845613193206
94.28088840684796
6
29.330476972548908
24.042582804617986
2
-19.20650720452121
90.76001673358712
5
32.13788036805042
113.74440481857178
7
-24.860330140980224
87.78705413581943
5
40.0829831732744
57.1894974720443
9
26.86063948048242
14.07774088405332
2
97.88707962406708
41.72897370075173
12
3.843844664260459
86.35657298672774
8
-15.396559369127019
36.83657527399905
11
10.433873723201486
109.59204488276276
1
116.86404196658178
19.49613775269202
12
38.82909739431469
99.16029556573534
1
124.42123441036897
98.50110367456503
4
37.90071200854527
39.110265143234095
10
114.56153631856434
81.04938733183656
1
64.80853657558487
65.77388133376022
19
-26.764462535517843
93.05466713752281
1
72.72440889387111
66.31911676844973
5
-11.296643299941188
142.9099964701341
15
19.381496553802293
34.4843333889332
3
114.66346978638022
104.49511638989858
10
58.36586462302627
125.94745142574831
7
48.19806628932747
137.6524537372801
6
55.627334985658976
121.79643071428407
16
127.15953705492767
41.861164012791754
28
113.64461918936009
57.66978347930685
4
52.18295987225615
155.64445013141156
11
-8.884751439529637
81.73293728344998
13
40.825694132167555
46.404880191528854
24
32.61281563577586
8.630209248109722
6
66.70282188341078
150.62558662754162
10
15.702638886706737
136.51231557442753
7
21.576160768746874
129.93320760856037
13
46.04451145837304
72.96787131050695
14
104.94258504624811
74.44645769814369
9
90.33503740112975
85.06791990097639
1
90.60729224191401
108.64013310249643
5
44.26229922436245
150.88026716449798
2
24.062613510154563
51.991664610678846
4
-14.622605585757839
52.12909932773109
7
30.48549083928053
22.83239708928007
4
-22.85255689118103
88.88571078548378
12
27.007107968206455
25.629980923663382
7
111.3960925084245
37.63616452633534
12
22.032858243920685
55.28108684701113
5
14.829315689070839
14.561771750778362
6
1.4266057463325623
103.5029006231087
12
2.2501435271609154
40.17613635240887
15
37.41207946213824
152.43371007260376
2
0.7882507737494109
105.0119448378941
3
64.90573854430973
123.53356235979086
13
105.93617017562418
58.47248113863645
11
91.23087223624752
14.162875638025284
3
105.16787182204915
12.833502084957182
3
44.474641481799125
146.33309691825843
7
83.31458456010331
32.92517497692541
11
48.75455553102044
103.47972791193959
10
86.95731240013042
57.74244207458127
4
86.95242515520805
54.473865150073074
1
52.53401879228879
104.04358739964894
13
3.498292232400317
147.69669631900103
3
-18.00671107170627
53.081222908881166
9
-8.015130429971627
126.81893356461373
12
37.71719311847251
21.383271907897118
14
33.857750417134994
143.0102501679823
4
-1.266786449649807
122.90259719973983
18
32.34918784538773
162.88850046389544
11
81.1340451003354
87.83680563716507
9
106.4863555010064
108.43581809447824
9
-6.601107349271899
55.655080120708995
3
-8.814184424184788
91.78406173115263
9
81.77637519139178
51.24134973761151
9
38.220185787069056
60.50885249827501
2
93.49284512055662
79.58136098829374
15
55.08623725962846
16.511815458746632
1
32.87753530321402
65.65778520594796
17
-32.97332542887098
98.61837564884789
5
-10.946397821577705
53.400365517287604
16
83.89422405716813
8.531990614758989
13
53.62719475295893
16.074094207768475
2
73.15673257925677
101.07852411200417
11
13.788629770634458
15.5087054367239
7
48.61997909779993
159.35682572060477
9
101.64747600968137
137.81775394675776
1
37.200799487980575
142.50444015450697
5
93.32550747646415
112.76842897242068
7
27.72211606022094
86.1882949468023
9
3.765047103742873
146.36698162446754
5
28.382446260182633
71.19944121893212
15
-27.57205927279179
96.3792412866454
13
75.8256469038371
67.82395130492498
1
20.295526749195673
51.53099357945944
2
-17.73326890167629
82.56032641091613
5
82.27092291378064
8.878443761253607
5
41.84533113271985
75.26145837322792
14
-9.756697875522235
78.05967904325087
3
6.954573876186558
36.295182425277666
4
35.33029013046914
115.47515563542152
25
18.864381742551245
91.90700723110263
1
109.56795426101517
36.337226003205224
1
63.7096306698778
24.018913255167995
17
75.49319100942425
23.113922346116695
5
78.90443714101575
117.11426175425385
4
61.63260970091106
73.6251933650639
6
69.64602022346763
50.00214337749281
1
112.89643331106997
94.23943187319307
5
-25.90837929354427
73.92321179575495
3
81.36364725430586
104.92799270722341
5
57.99770151068043
13.25453739640129
1
-11.383533634940257
85.90838739653731
11
90.99836350655731
51.229127455665115
14
78.76106472390784
150.23654173423046
7
49.14331559359603
40.77288811502694
1
101.02004212945452
117.10658459122342
19
-29.32964290586967
111.55301113789679
1
87.75342091685043
132.84379834428137
4
92.57297699722737
89.20397651072813
1
-7.9299688422128085
93.15492326409057
7
100.46395572239742
81.04163270270519
3
126.28058320659493
36.73711215753058
9
89.09241827040141
82.33263948148675
7
-19.998141262525934
54.12170612637451
11
11.67737071717957
102.7156255214125
7
3.5285694211014516
144.3064238445395
5
32.39656794582878
127.1893653169127
1
73.6086364214302
86.83162229666723
12
39.28051508987275
33.657476969326375
16
81.37819559268861
31.815607029427177
5
37.244288353427805
3.235928294928364
14
52.74227486660908
110.83237994975056
10
33.16225874137211
108.88805625945636
19
74.90456950742838
45.64801899294904
8
38.09591022983308
150.20788612372496
6
58.50362536021315
71.40368236672015
17
56.424513438362624
63.260770165656204
7
49.80575080659088
18.085691472684715
18
10.908065019665997
89.25404892834695
5
41.12698498457715
30.188472644151624
6
99.5720800510443
132.96580084946717
6
-13.272916742231885
38.79378335151201
16
125.78889639037457
86.44893832066256
12
-6.462116025586404
130.53887926904173
5
68.14308665775296
75.56067964172641
6
-5.827082058533094
113.5944607469109
9
106.04504847451135
38.89295518421259
9
-27.624295234652628
127.85003521731662
1
41.97030017093505
157.21096354526105
14
118.59981560331612
118.43141225735948
5
107.78847678727429
68.57129543325667
6
126.60588275414817
63.43374410107382
1
48.25535746418073
33.979902939765786
9
32.04517362347677
106.98615703823137
1
4.459807656596809
121.9913328484738
7
-6.7409719557336985
75.90649827637685
18
20.90055221059751
156.29409983171692
2
14.994403545867286
66.16744431066493
12
31.047585955441136
21.9703538818042
4
33.409254543295745
61.23321707719497
1
-1.5532501586412621
98.84004101065688
3
88.82153652576231
15.322405541884983
1
65.34341351660952
85.68108135689377
2
-25.985147229034034
135.98217629462502
11
105.76429115736288
82.76900352169869
2
94.59183423169056
109.11115968110414
23
112.76529677938679
19.13308374288448
10
34.94123556228425
141.15936455513034
3
127.42418078613791
103.18275544080859
3
109.29139739065268
55.19610178214163
5
11.559750937852613
65.71805757139464
1
46.81655018750223
61.03831084285121
4
-2.603856423751836
128.85912585311252
3
129.95587948828597
100.49633489516191
10
13.148298415786229
134.73519818459815
3
87.42731028258193
79.0225800644319
20
-29.505641152774686
71.71194444013469
15
73.68219789200587
75.03682058086235
8
59.353690867807956
55.95965627311843
10
-29.139991925101448
103.93567305545386
1
-11.220339166770223
135.0788811701108
11
97.19919240320449
88.81194103135431
5
61.10177214817364
70.6180298776483
2
119.38109214530935
108.98851003212496
3
32.28070882498827
103.28397078694158
4
-8.305472868832396
132.67818895177658
4
2.1631752171041043
41.81326686913845
16
19.42148690605198
15.006030432293613
10
-29.389931713114272
107.62403516023994
11
95.13524385580966
71.00931281730959
1
63.72734632820381
56.74358600536609
4
67.13209608993442
74.87254351119043
17
29.663377245030887
93.7215700226206
7
87.06797663734373
93.64154783644807
1
87.17227101155633
43.86767635061249
5
26.08528448185335
144.77928747446293
6
62.70555974958219
115.24564249214268
6
82.12201513907955
127.89782292587003
1
50.359734631710225
119.12203530013352
3
71.54998082146138
20.05572756251562
2
90.11700499827334
137.9901693017667
1
-27.559683555681872
53.894172606380955
7
83.41069150982803
150.1971383445829
4
85.79647613177552
43.4028588928844
1
11.22466933610356
76.04421395014182
6
11.151219567948829
79.22168035272685
11
19.076485964891717
83.31713461533371
4
33.69461344712502
22.488648466277283
22
83.52674019421524
34.47171113038295
8
58.897202527051846
33.881174579749846
3
64.83693305942818
69.65644079178617
5
129.5593496932736
43.02694934772685
1
132.7136877714288
32.4616802488982
5
133.20548386428402
41.328718061975785
11
39.226082600824796
122.3824872063816
6
37.81551177111092
95.79969023696677
5
94.15864059811007
113.38979080231164
1
83.68709399201093
142.16662269496533
8
90.0039721748172
19.62832711657486
10
102.27770670885117
22.830647161919657
1
40.10983510434535
131.07794389508044
6
-2.3109168986218975
36.600883046380666
2
72.61098591944095
89.2685518630991
1
-28.3172446155543
120.40793819683503
19
97.35732094273438
142.25221644807002
7
-12.124319492458504
127.18453809632229
6
39.37185549133842
37.641071693692005
9
0.31047318863301143
148.53669981859258
16
-19.751847312224626
96.86040189455096
7
87.05549760845217
44.188264817457956
2
78.90459298706146
134.80689427052235
2
49.08921423943667
4.897045420893896
4
95.1302520971444
6.724443118344091
10
63.51158321299883
20.862120218618493
2
57.76390544632305
8.079761882477683
25
-5.673833267957839
42.89686049234201
9
88.91908142358052
48.41349587417984
13
29.495880687657035
47.278641886948755
5
91.46377699784536
92.13318094326937
5
45.76642598461919
17.879761106734826
13
77.42529878903694
58.57585758149272
6
132.8694994485428
59.21946871221203
1
99.22492516781726
91.45944971611678
13
106.00373992639148
134.11251758289094
9
63.46660365920327
153.1982895855429
1
-7.578821479096156
134.77519456104483
1
58.67963580782421
36.72550676218237
13
103.38791581215067
128.4457926749234
4
67.08561445329157
90.40472038098127
4
-28.662134272101547
77.45698066256205
5
7.15769272041446
112.0150559876885
10
46.60001647773254
155.19678875748215
3
45.56056097903861
138.51727675863506
5
-13.941512542675802
42.28671423242218
17
59.383861170002035
109.94071108104418
10
-14.645035219490268
94.15878694028274
8
108.62397526288983
43.448410984998596
21
-26.92901417902968
79.17722076310667
5
24.355260381719717
50.84247034866264
9
-13.851136469231719
55.47918613115211
8
63.88542120501904
1.7841618406959086
4
-28.83326108991716
64.14962655727544
16
95.05498132938219
13.80617841540709
9
84.85076845868089
33.63323786879041
3
-6.889540437573942
71.28185126660469
7
73.65625714017979
106.07711070381322
12
32.44025153427545
80.27469414298503
10
-34.57592404480726
111.54508864263971
13
-13.510652400395564
68.70398088344089
17
101.08443067599522
42.148184808277314
14
20.834669735894508
51.72554069232165
5
44.6763147474508
128.44312129848112
3
93.85300132895962
119.19383213352592
9
76.52511631587073
85.41185205975776
1
7.69915021362047
112.59990847601281
12
70.54805842002942
3.685508814060121
8
20.749612188713968
75.23007757153337
16
76.61830635997136
13.412593547049475
3
-29.91997741478348
91.41288448902648
16
25.126639062176608
82.99283666394206
2
85.02330595601124
55.02181391495689
1
38.125820985052655
106.41300386240411
5
21.588058196100576
139.82916495121142
7
99.02062504031407
37.76617938979198
1
59.26132370500244
59.938481641241175
1
113.5473598253834
75.85511197834302
14
-31.699007838013927
77.30247519597111
6
10.56724049295677
44.956757964794825
17
133.92727526495872
70.69144270882677
8
94.38120330515112
64.02734623030983
5
37.23214492870633
53.22125669285574
6
58.688890879955295
43.00253945820538
10
107.92502094557862
29.854822974899484
1
62.11455866461034
94.4986240880117
1
129.68567747749978
41.595466145866716
4
71.38182154187244
116.82295057656577
1
58.694251531890046
158.94198776880367
9
-1.2255687635007817
24.427218651968737
11
87.51854870272619
99.13866433219425
3
20.824849517079002
80.39210331380244
5
40.10976970663357
137.14547039359576
2
90.60520305264255
52.74072089747529
19
49.00810013187443
35.69753296042666
7
91.2309014387735
47.65071159261638
10
42.97228369591001
63.12724979373544
11
-22.856579118688693
85.7966451840797
7
1.7399546059163242
30.167464642880127
7
106.59491412712153
77.64843565421623
20
101.42215087863
65.03674106047825
2
94.03634946707002
37.51579349578132
1
7.0461988665750965
64.1787097461474
10
14.91580039851786
44.62662689232503
10
-27.92768745764328
115.90769065381329
6
4.580257764826939
129.78973434707004
1
107.81962500283935
28.38773337926626
10
26.340073567290347
95.83039943557893
10
45.55571388915108
154.89654156259226
1
-30.69701401068791
61.458359820456856
17
45.54084058792304
126.38331694333206
5
22.123731252718656
102.04028160967547
11
-35.52221095506606
95.23587744363456
1
79.07136304044526
136.59244586720965
5
47.26383326883314
58.13126384330055
5
102.5103416733049
61.414802089596115
6
93.71498027643848
63.82184782073727
8
57.29224649996284
78.02050770586507
5
130.12970216662524
93.86308497478143
7
138.11283665923185
58.7010423905053
1
136.30113079308052
60.55028904941502
10
83.19733726934813
123.4979476957125
5
5.8723211005802085
23.11648582251341
5
116.70478003550438
19.559817326542536
6
112.2006979511901
79.53917873259783
13
110.65379453006888
117.13041428893055
1
58.88955783551418
50.2381387755968
12
10.817361690590914
91.57314535907798
11
73.86418647605986
147.2223332841519
6
71.59046197913047
70.92285127362001
8
-23.449694597139896
96.12845022654656
1
-38.43379187695818
98.47813447193371
15
79.48962806959706
88.35674301518222
10
41.207449466034376
34.54135854835291
4
8.8212728166596
75.16221407767836
6
-10.252172593630263
134.98736396558675
3
54.33220264334949
100.62323687778863
1
-18.808433840312865
41.35662451833225
17
20.696094350029952
17.9737949802074
4
39.24631789258456
113.39632528793794
2
65.89936857437331
39.51948870323104
7
127.01402303419162
101.371571339192
4
77.986876852088
143.506085198146
4
51.366543589720266
4.513885500736265
12
17.213303029485644
42.86183472627943
4
82.32707880114079
142.25535242241628
16
85.99066213281834
69.33668397064275
1
13.864559338007581
28.656282880421223
3
131.4985575870689
97.09803513939158
8
19.269626794995744
72.9393259551583
4
19.94177114225178
128.81010925997393
1
38.179872474228375
100.04062509071
1
26.908941118406574
58.70818725971815
2
127.10719642513247
109.0356747665951
10
7.362479943669328
136.730220018449
12
-0.6862278496024956
21.405563193275476
24
57.064576553386686
81.33325424056494
10
67.87699267952341
59.76924340538026
1
111.69735292637047
120.17810331127396
3
63.85557485183254
103.19269450465526
8
-3.948011344426341
33.33086409729908
1
65.95524191780032
77.40821229344081
1
70.1615369700208
97.55364278780422
14
1.851539320817551
106.93592741313418
3
-7.520031800136394
113.90365531050759
7
14.989216044526572
34.62985692772481
8
-1.1252960590671606
72.33509336432289
10
5.081641668675346
119.89748120204592
11
30.542591896405852
27.902380081870497
2
53.53144744139743
0.726662694619506
1
79.24670958930683
91.01441642673126
2
128.2415976211222
49.60904099569078
4
-27.688350867119638
104.70625437635081
6
131.75198529821404
97.77287697565623
9
1.1927552583523493
154.41558817363557
1
23.616850596361033
82.9965826231365
14
8.802684720690422
118.76306407390092
5
100.02067528481304
15.697371007833645
22
22.94759229479361
68.95488729681765
8
12.239452210901803
138.90629114239468
1
41.61193834590483
49.56113684362739
8
88.78110337752663
136.53168901338105
14
98.52012470165452
33.24786517737318
9
93.71955424932496
13.999091472379511
8
2.0366231421424246
109.60309491769965
13
117.65637706097085
94.18190244591449
7
-15.091371135503998
105.85104348389632
5
54.17010829297094
102.49577163852274
6
4.524508905810791
41.30868699644544
9
0.09401565824803981
105.1505284280689
22
68.42013587951077
50.06181842381147
5
18.00078166118992
107.4620182423223
3
104.53522467180996
68.34909589872365
5
87.5313890603171
90.03021079241034
8
112.03672709347386
68.23630347841132
1
116.02224348120673
106.73442299763542
2
118.58947635835035
110.31634476195902
9
89.38991636832226
126.55352083841066
4
8.340210361575913
20.573867789219733
11
47.99866426697518
80.80761793781537
2
51.24808591804174
102.57275482220987
13
114.65310686666105
43.52648073099231
1
114.57685329266256
125.90439489830825
2
44.13989763067242
96.44516393514837
5
45.069859019978324
152.02854439425852
1
28.002769277188023
101.98526300537645
9
38.34717859295779
82.63432165699706
1
90.63018508697702
77.54186056280523
4
54.36204180736587
119.44301602006504
11
-17.510528861953155
87.81361045053646
5
33.72995604694296
25.348674254083654
7
31.657933308812332
150.3129985056859
1
108.04725841521149
64.84837655180215
9
33.62538900802291
124.31030441986508
15
92.04054929830478
88.14752013034317
1
107.35583127536894
36.249730466698715
10
20.2718586403697
17.414953855481095
1
31.251356575800898
129.78870987303875
2
70.11521920064642
27.796929148402448
13
-13.551581448087845
34.69438122727045
11
84.32910089857116
82.95909976197763
3
100.38748649286977
23.456727536992958
7
3.1958691360411677
32.28261972616098
1
80.15012900596663
67.724944772289
1
-5.3427369429456775
90.99590856499913
5
-5.304010150853969
70.88181620511293
8
63.23207925892339
9.250306843168907
6
119.85499269447304
21.31237451472027
21
-5.295051994883259
105.93303601157035
4
44.42059098840879
90.47358916697789
5
-2.5220231976600047
27.38746578621359
4
14.257730154623118
139.08299652804752
7
-25.785315635452754
85.29734696175694
9
100.17261568222604
133.33451138401938
16
-22.805352369160694
105.77684556367797
21
-4.153745320016256
124.23677057799446
2
35.770162297711494
70.52289852198459
8
-21.321396657606805
111.22962053556799
1
82.22342948786563
110.12878202075271
2
16.613893322160067
142.85490919077643
1
15.961899114094322
73.66710514581271
15
111.21279806407061
37.563156972559575
15
115.88863469770864
17.17206893632258
7
126.83850077922021
61.84532948760505
2
3.4544696311373
47.18890269696954
7
71.70227353541078
30.97897115806945
12
75.01293550181101
113.61301801465703
9
-9.401868656768208
149.4211196947158
11
103.21357948807697
55.49014728006262
17
113.73186013962835
66.31096147671747
6
13.9124874095874
117.62205285973747
18
133.79360874192645
70.3334610784371
1
62.98122561049394
94.0077485317313
9
94.8559415621997
10.015264589504419
4
75.41656429855588
44.08765999887036
4
-25.324400804584258
89.86845642505895
2
62.993360116211406
35.52544517044293
4
-32.901192466300465
100.88847757714706
2
16.597425690211892
118.38264322194104
8
65.20827174434612
56.25480505036543
5
-3.3006852707902965
55.66579857211692
12
109.78378600283419
42.662283900594
13
14.451618145032214
92.32829879408894
5
63.815647393725854
38.082305676270856
3
3.9997788978947
129.4107723976133
2
118.66295807625785
78.80616451300924
3
85.88958859566439
120.21149083543722
13
60.06906055945642
55.92593956107181
1
10.21334100797938
28.430053687476466
4
40.722958487718756
51.19751230439399
4
102.89995884804601
10.660624417373732
12
130.6808705860887
81.27975689790543
6
0.16190328656552566
57.53397216920755
4
104.04644733571367
138.6412171476678
11
107.99205831391076
102.18537127864187
4
-34.70204932735429
89.61911309742158
5
82.99192937775551
88.28021326082953
4
-6.107956440804827
40.00172323650623
14
100.3201067864929
124.22571029698378
1
6.96980409620754
64.17267276037697
5
-3.021869416705755
146.6836395636445
10
-10.024018642550573
75.13169519558107
1
97.03212251241037
86.48833691515813
4
13.207130239221726
130.49703751852672
2
-15.747759535044601
93.60051964386426
11
76.08011211896938
111.32477179172437
16
41.80539517683299
83.23468258277222
17
-0.11491019634254229
24.979334840905075
24
-26.670918876103897
78.2432106873971
11
83.45490255162606
131.63474531883904
6
112.14308063606275
119.41536619829401
7
36.385119715483
125.7359081287376
2
35.34269072948922
116.30650028448605
5
-24.459570596153704
60.09383930885122
2
63.492332194415624
155.3263900255205
6
-23.15770342212994
95.986017225502
3
56.12575734736512
73.29163199608666
1
45.52176761967344
105.85821409728996
2
110.23345743970008
123.23681579179848
13
116.37746941292268
108.38913776283206
3
30.059157131096597
27.807471869026536
6
37.37092765701017
40.00607550404383
6
50.29424957243728
158.64768091358593
1
59.70661565177055
153.58650999044698
7
56.7862669620547
122.85821616102587
12
5.952538498946467
70.91924349617918
6
121.84165529276778
90.07558430704503
19
63.82964975883948
27.328774999776563
6
13.404476933360627
143.21940357169697
1
1.0787965719942463
59.91078000691744
6
89.1167885525311
116.34820305227504
15
74.7577948996071
65.6633671293443
4
118.96231231989158
22.18594365029095
1
45.5769273892722
127.71651367488079
19
64.99077447098233
69.8061904679549
1
99.10494492719668
129.54399973640787
15
91.2612515472649
30.163016020663882
1
54.39828026221595
41.5553540286294
4
105.39222423540146
85.76395275056865
10
89.08143875519924
100.22366268415712
10
15.945956239882193
54.4157724549891
4
119.5446495298332
26.609750235601133
10
21.120275215290334
107.6187928552707
13
30.66261567106453
107.21134889367212
10
4.776349037271501
156.9443052698506
18
99.43151969433897
27.165794423883433
10
113.65790743310764
98.2631057225297
10
-11.619919510186051
44.49203943183334
17
-32.75646995645639
81.11006033451079
3
108.44731751286405
84.01846471910414
9
28.211124971677577
77.30435376805787
6
69.52523455147359
8.85570614375851
5
59.79850334575906
9.653023665436756
5
9.99872741477003
140.66592901933552
2
43.26726744727202
62.27727094545349
13
115.38600300472312
54.45488568257067
2
101.60503477426799
74.17137850562483
6
119.4279296133431
41.83903091073356
6
15.317254808758477
29.628047859624196
2
32.33108483136132
60.03940420699785
4
-23.437084974401387
113.48399137635528
19
115.33937681658914
47.6882193629227
3
84.2346382247239
95.33576216962328
15
12.195037292137982
90.40316449441912
7
78.85182676943764
153.28631681153684
2
93.45457369507857
141.65885243474216
5
80.52863750804097
54.185156291502274
4
62.33889506549089
20.642951706028356
8
104.62031857256817
82.99338571409413
5
11.872907506531746
57.82582302463182
1
104.23196460694955
56.74880583494144
11
54.061814440578615
159.88991300521164
2
18.351103292477703
13.12560371968948
10
24.07919541613991
87.24591606838626
1
-13.71438997881397
129.15358701183263
1
54.771125123756406
158.75787091604482
16
81.56786029550226
104.52391631934105
5
34.90144757210936
18.318290173531956
2
52.19998664619375
162.26568756032273
18
39.890560104134536
49.27414350642885
1
63.976024329706206
24.459200125783987
8
58.02108867204586
110.24493241835398
17
66.20579929669174
133.6519039632391
10
35.01019203900904
98.10759214692433
1
5.542181684100726
109.45786083881427
15
1.2120645667215229
46.997633581210344
8
58.313348281679126
11.210028497313708
8
77.96764277457349
83.49182106952028
2
32.54018053220217
50.54824983826274
3
48.68621122148315
126.06645468942085
1
-25.227452350989722
119.63182428842927
1
25.24319127930879
90.57117767679017
1
28.273021673694686
143.86543888785377
7
-28.74487923379011
65.71566495162375
11
-8.402415033235386
92.67374954609306
5
53.075579517186725
160.02424297869499
2
78.95433769181959
104.02076158242474
5
96.03795803843467
118.46999274422569
15
14.007781823414277
52.83280814819279
7
57.69296620728515
74.80042674026552
1
113.292728021034
24.569685016039095
3
25.72134276068664
17.82499509663665
1
34.52711176474382
157.10275346914588
5
27.443460817875803
107.71925613082612
5
11.256023635091523
111.30368190754959
4
91.77174908101047
19.90385222006031
10
69.21206165457785
51.18405187591254
4
122.11754694026773
106.7696307588256
1
-20.2697702056594
122.78985859094348
2
3.5138324980065363
51.15651429025015
1
13.875489124750615
79.85716879009357
13
41.44867780926063
111.3423937405775
10
-33.03649888982835
112.88069956764133
1
39.491441587543946
60.73510349380722
15
47.884730324886306
72.46048187450751
8
38.94787314848806
138.65834089884765
2
16.269698740806916
92.0795405621437
4
112.26408533439978
41.372297492712
2
58.81311049218854
-0.11253861090158068
11
86.92239774402479
9.10365002149836
8
86.06960253317276
95.59900732625718
9
55.0812002599464
54.99160308367863
9
-23.85462710619842
134.94746613680653
2
-20.145874504000105
81.25937647172256
6
36.01809164146921
157.81829856089635
5
59.70481329334774
78.42801687433922
11
11.314285242564864
128.2472053657344
20
-20.15953339505193
139.35730806831452
15
64.45321902243394
131.5613385272254
3
100.77972355573108
31.90490721742639
16
14.023059566204793
155.40993829885414
5
-32.713665043284664
69.38051535824007
4
-2.6810085636489163
63.712746749750345
5
21.46936257321805
94.05990806403005
1
50.98420998104733
52.99351573696163
1
56.6080123818209
75.3129386597713
14
70.92578458382236
89.63446258892219
4
22.583721571599213
90.03173246917817
2
113.83415964812959
19.64661058520897
4
-9.715789083627037
140.69858578076455
12
74.2017176292921
10.684361613059643
12
-14.539374943399068
92.92096855823297
1
91.54514543310007
17.105082008888992
7
38.6320487744717
46.03021279503388
1
56.26820205246207
88.1112675949735
1
81.54755749099688
118.90995680303968
1
28.34542976451803
23.678069296916483
12
27.23494605022853
95.79399150828226
2
-11.311330154364818
116.78125442844734
6
-1.3005061393667958
46.291821067713336
7
50.74770741846747
10.041828190075698
1
89.1017039440032
27.864700843004066
6
73.18897625172015
96.09909705877908
1
61.91352049603026
160.18969282086186
6
129.80134437754862
83.60952442719724
11
29.04291698588507
161.31372491957396
5
130.71113051094136
100.81192775377113
6
-30.392061302764695
94.09354367028357
2
11.541465477277072
119.32615908694564
8
40.76471994053196
80.22922556549904
3
-3.9220706053559127
26.978896610281176
6
20.722811704863418
37.75485123794059
11
-24.60340936816644
85.48468511391172
13
-11.223443138432962
56.455068462992124
8
129.45370242238096
48.67193434100593
1
-19.941611367845283
96.97349662156387
6
91.99145238636912
33.48751176152073
5
11.800593067433923
108.55632794270576
3
115.30869082175018
47.19758115176695
1
112.57129901549065
92.50206394830306
11
-31.178786894492372
90.0264695126773
6
18.608414116058654
24.313882189691313
1
32.336572937868766
143.95162853368888
2
6.695444618244991
103.57695711592444
8
19.992480594243304
97.04897238734236
5
-16.01496556014289
113.46608373374497
12
24.717696005136148
14.248013540586967
11
76.3836951022174
72.81220176000602
21
89.10132704941667
21.314748490783593
2
24.463111818025823
22.81601038870081
8
135.98185473843108
67.35263642573639
9
106.78090414503002
63.95176889081751
1
-28.638435621771585
137.368752055018
1
37.767128726390524
30.92861004082038
3
127.08673451835615
80.49007851884295
11
73.09096059303992
116.79906870443799
2
-11.542057383041183
95.1732566604407
12
109.43418826220766
42.305200350170985
10
117.79616047158119
79.67671755856142
6
19.404498696543
84.49156437688131
1
49.1696674874383
124.14959931097351
3
87.40973295992374
7.214362829834265
3
69.54027415688053
39.44781754472425
7
-29.629900748162264
77.92509652520016
5
-39.31562358419319
100.90662719972215
7
5.73073519839086
51.824049218126966
1
118.98358214686964
31.710038128560818
1
68.50481635113728
124.45962262157272
11
84.90665318560549
8.113303839611469
3
105.9275313328544
19.159199196372754
7
91.47833599503754
67.89475151560873
7
73.98478700296688
67.99479855309724
9
63.03258623361721
0.5313895191445397
8
-1.2090943873964122
59.01823260995379
15
68.7123613423674
153.8530384044014
6
-36.722975504555535
81.99857474508107
5
-18.453781713297687
120.66066952717566
2
7.992429321624144
107.89681614443529
1
40.50210365783903
50.614584002234075
1
50.92546894629069
64.4134685473461
6
47.30315761719011
33.164712830540346
10
46.42225756145014
162.68161637008023
12
3.6861625756458096
139.69011408267863
13
97.03243723448769
35.73329722989508
3
-22.312733601660696
83.21063798025779
5
-3.742481191432688
145.09081589603124
20
50.11884869274506
135.6177934395945
5
23.495600944882668
82.38267013963952
9
44.87205863729956
133.09008406964847
12
85.31255416645813
13.78748321891566
10
103.9892174645996
107.91576674800575
10
21.783749900347786
48.44553040922708
1
5.978263379445096
141.93716371892913
2
115.97549730896613
78.13330301192366
6
32.871733543835106
68.70330080968347
3
54.07985627723296
54.16390921910622
24
33.84315209260792
97.79394553933815
1
40.57453787193707
84.69672834851787
9
29.367704205806817
65.97947155108383
3
79.33350701433262
77.89727155840882
11
-4.906042915084974
73.71198361849807
1
-35.028925858510505
113.20056507971506
9
2.503021998623481
138.60139258658828
3
-11.42098701740332
73.5138027706515
7
-17.863572023416076
49.149806913879594
11
109.39174624831323
61.09280571114693
6
-1.9247147541226255
76.25254967162067
3
33.90183932189089
6.733210149326226
1
120.60457582442702
106.59789666890885
4
86.94888886209883
128.91888756194555
6
0.049256852624900205
104.18579117616324
1
45.29901619102371
147.76106181609313
6
-5.331670524315143
109.55468315632083
9
25.681931012858698
7.171609647812055
1
87.70116281943986
28.521226597294152
1
124.39306910944241
60.37203855542669
3
34.95560652872591
50.45513905179467
13
33.53881571449668
61.874556068341455
16
23.53076164878206
141.26593504374145
1
41.00099194831225
84.07299433689354
4
118.88888244334497
53.823468937957365
16
-3.0878910051137396
100.35640711149131
7
59.283789719576546
100.60037764440776
10
-16.64008613364455
97.777117816821
1
8.14399211986786
76.94337538473508
21
5.5935909834869335
100.4298072668808
11
109.5660754992209
112.63768924984973
7
97.37811023945373
79.16644183600056
11
83.93474053772975
38.16566459210629
2
68.56223347646282
156.63552028764198
11
40.512178859121605
145.56631576585616
9
-26.99405255306985
61.37639272939061
10
130.36954016126788
89.85624704648387
4
24.899680107316456
23.971259076438656
7
40.95805578410034
65.03263620989225
7
30.183188192316635
132.3649621754474
8
13.560046057418546
23.42288560069924
11
22.0197419510242
55.32933241472383
12
2.128218225236708
94.06809996213676
20
97.9979799927912
19.2259914442617
9
54.04110670952829
0.5083871624170655
3
59.905834297178444
34.182517371573276
1
95.29778390112692
36.133594741794944
19
80.04461334119036
141.62389360724168
8
103.77132599120513
32.13883277982362
1
61.45671163574592
27.853686268726868
6
-25.93341101921075
53.78555539855744
13
40.800024161074106
76.1165078281208
5
109.63398546274651
126.77587364648949
3
-29.412511327496105
113.0637092916148
1
-1.4215564081525045
78.58400939409356
3
-10.672159402926418
88.8296977788215
5
68.6710310468891
136.07779816787152
7
116.62598903603556
20.25656483855188
11
133.81144952211707
39.70581950149293
4
64.74731665716898
37.42129628653439
14
82.4812648468794
32.14815601868806
1
119.67771362647197
22.70415352001126
10
17.27434531027015
45.1892874331457
17
57.00886669367863
20.478589099036867
1
129.46302000191122
68.20346163832468
14
-5.069935098021858
62.062415217881075
14
103.45861903879818
79.87003865800227
20
82.81388223142305
130.45121340718117
4
75.48836012213754
36.75889580124801
1
19.67996817364633
32.6324136373972
13
-27.812088678433554
60.63671773595602
4
43.73537467207248
72.462920394691
10
76.15991977752817
56.26647679569819
1
76.8521837784444
72.16404094033877
1
-12.26271716865147
80.62697663285135
11
116.80335168455646
35.97324363668711
4
79.30839917394609
101.8198199650524
6
42.55192127094877
156.18570620386
4
8.716691527610621
91.69021694916918
7
111.01153535807073
54.64355865446726
11
47.0232352292207
157.0467231791341
5
-18.10544761164713
83.71894204711418
12
-2.751332683185673
30.097379987377458
10
11.907567253950134
27.171363336748556
14
108.03253119369172
46.821704030534086
1
137.0413124724555
67.6495318732498
6
120.45409993026631
19.996684597166578
3
102.40311596135594
77.97650834075588
10
23.080728234324596
103.86811985570904
11
9.282384780270334
20.10634321150949
13
85.00102008193558
139.18857506470775
12
64.83987087642114
97.8068706313677
9
13.826392928612933
33.98573177554194
2
40.90688757788355
102.9221022464686
5
79.16014195961255
44.0408206172504
17
44.10348872797299
104.35745562038886
12
-13.484313771764768
95.93874170046988
6
34.449630618815505
162.8896794192395
6
78.53945455612556
8.59830711668522
9
56.746426476720316
115.88003286473045
4
47.77261367653048
87.11191950417353
20
52.387215989973484
75.24946665204826
1
55.198491201076166
10.140448513308876
4
111.83296610390586
122.99029749465313
7
98.07134254232987
113.96376076371831
9
29.05254981518422
65.392480845155
8
80.98733536863064
107.14813878110039
2
100.45753743826315
137.78144368813602
5
46.07346613060078
161.5885585439745
8
88.11156105899794
54.92507121730862
4
-25.823861597189023
92.58054099509803
9
-29.445621827583693
67.02846071166644
5
52.3595499909468
18.906674087694185
1
-17.133077175040924
127.53312015827282
2
35.66900690945073
108.34658459676518
1
77.03750385420018
142.75474024745364
6
-20.951179127669384
140.99862949819075
6
30.32348530136163
29.01455271307197
3
33.38395350265934
74.0427127070115
3
2.205120849627683
95.21254189670736
19
21.85547287567286
18.039667606078503
18
18.74894341886656
89.95088189580443
8
18.95932005232791
132.600394647844
6
-36.88249455837175
99.38178409459354
7
16.207951918137027
87.7936633832862
6
44.20282595950381
17.7565666805595
15
44.4237852677049
32.69469502965355
5
85.56329499602425
91.33410416787567
14
7.7882579869582
116.29978803690506
5
99.4384623785081
65.85296489416783
14
40.40131819410625
151.28255089592216
1
-4.872098934212154
68.05078756736162
2
48.41659326893914
23.820287268185936
5
11.028037745401093
156.71889110325367
2
78.97328998797302
64.27005637507798
3
0.22992294651972145
50.39960695337772
8
59.5956428758993
0.7630570313609084
12
4.849126051727453
69.75008346971723
1
7.905851075380966
117.05730084761848
10
106.75144132611744
122.59536131226164
12
25.88272264254269
117.30295434440208
7
-2.1578344176197106
26.816244611498753
1
-38.02922109491503
115.81065207378484
4
67.94685340377988
131.05037290091565
15
71.21534727144295
118.98651047859482
12
82.15751313013367
112.6377766936564
2
107.1423564173787
106.74560330886823
20
61.09719117108145
113.42673823574941
3
95.5407385086195
95.09243599750542
3
50.99282713076302
60.7709710265298
5
35.84951289165129
50.75491411653851
3
-0.9796038557393061
58.01132061656646
10
66.52284854826028
53.138213336511434
7
-29.778654548825614
88.84303484565814
1
-6.293425258486742
54.70841516052612
1
103.44953904961766
75.24543899397639
20
131.013999905885
93.22448672792851
10
67.72893577137582
88.78426514212745
12
33.141017865064455
156.07179735005715
7
49.329936602118735
55.364391310470715
12
80.40716758254571
144.27107714442224
16
61.936391173527326
85.30013602340037
1
70.24044291028086
25.351612829478718
4
47.26614955471696
139.7973929706345
8
77.81332287473192
24.291950807998006
11
133.32360674462348
36.78852629174073
5
33.0810012659347
120.1239187537742
2
-25.99415067728109
61.781567120093165
2
2.1289723878405624
66.27687124388282
2
42.20772003177416
139.74449505332518
1
-18.127720010481788
134.21299580502608
12
109.47180416899742
50.8247834866638
12
-24.883590579475147
49.913543728302336
1
130.39921988747506
81.51607902357136
1
32.84241348922839
130.62133671487925
3
92.61148077545822
33.77592843780189
10
75.36429118751293
78.43273488579939
1
11.210678722819239
12.395597832591172
16
4.644702524703092
136.6543920725664
11
80.76375237054633
81.58026682971644
5
105.76659627112797
61.57622497934677
2
111.77908164169706
60.08338234366045
13
88.8518241391901
44.133624596544074
2
-28.71069716247988
132.20088233470153
8
36.346440353482876
25.85810485735805
13
25.730874141023804
14.358530396584555
7
8.604367470022837
42.785504184058674
17
45.7503964214027
30.794628054692915
3
71.35607341078243
47.14567552736951
10
23.358062748282364
115.71150767999723
9
97.57512886113575
9.032110268131227
15
92.55951554538599
27.707233667828042
14
3.564713625751139
33.646712935761165
6
93.28381327613748
81.06294588149044
1
44.591751664345196
1.9307440489768481
11
49.5524300327898
74.00294462338371
7
-29.884589713396615
105.45133526909277
6
-26.50000039672601
108.02590967562281
13
60.812085927010145
148.5790031608286
11
65.28120588201233
107.77169286983244
10
32.695359329788744
131.41500853052347
1
91.22181960801318
37.38471559687441
3
41.53592227774378
89.70494810597464
3
40.248633431894305
102.15165749641207
2
-16.973505079012327
61.90306999336733
3
42.365197078346355
83.91112823104069
15
116.07553827770072
113.17230418659727
1
56.06734809361869
48.534842015810405
3
34.12046466263983
124.66995522601772
8
17.01632331871859
71.43137963641954
7
86.16490254960691
97.93415555726165
7
1.0761966565747088
146.33723452394992
8
7.6018722682751445
92.1131525368755
4
70.14205174665103
36.67488393843511
1
