1000
200
30
77.29736513942552
59.39920260795829
102.53905409965175
69.06098670061007
8
92.88070673775717
58.618188480519414
8
97.01805802215804
73.33141060436006
11
105.4125955748938
65.3546908049832
1
99.25950811119128
63.54552699763957
1
93.31676678341836
72.45289093696863
8
95.20093578856599
68.71065467928904
5
106.04837188748695
64.84117110859043
8
91.85229527426621
65.51083994095283
1
90.4124498380922
62.048268766330835
1
106.99580889254452
63.1247568605672
5
104.11504312156507
60.710317203730376
13
103.88580031871456
68.37132161450243
1
105.73989900434267
69.37457427173514
1
88.30257915292728
67.74069975001122
4
97.72397050322223
72.78133989400165
11
98.27217580555363
56.7146050631479
14
100.57340089123133
56.49953484396775
4
98.31489971488334
58.29925393616694
6
104.48925907120902
63.10793151829909
4
105.40414952584788
71.75931918910725
5
91.38500580581909
65.70448549934667
8
90.32285226698929
60.52243849939319
7
95.0824065414327
72.16205702906453
11
89.5812689481994
60.47387613954267
1
96.7260188774836
60.294100821596246
5
101.48813358124254
72.12519336365474
17
92.541373090219
64.00451690193255
8
95.7582160872304
72.94950870262633
9
96.80196202903517
72.13194076097918
3
100.22659152132204
71.78894043905912
1
99.93173344629905
63.81161894911972
6
91.02596916506391
61.46040723702257
2
98.40138402502686
55.895460431631676
7
94.87810044130428
59.87209507567577
1
98.71249442586249
71.05468640817261
2
107.11207008819838
66.80050369415449
6
96.1900867498364
75.09424966334896
8
104.11455319084307
59.716939939466684
4
100.18166162179526
70.18425577044653
1
96.53053815012495
75.4520494895545
1
96.07932691148612
71.63261894270681
18
93.84045911610986
58.239635172771806
5
102.68978804130312
73.65145800282939
7
97.78566454675287
72.9496326009124
17
100.23141228593455
66.84131303279095
8
104.49014742037616
59.06985632238948
5
102.86189493859985
67.17235993746867
3
101.4024573526016
58.685527755719484
5
101.30642093377377
62.17235817202558
5
97.20702575938934
60.75335514942523
1
100.06658908682967
71.20024312526674
1
100.91792728746772
73.5828230451098
1
102.12546150142421
66.05607453689424
9
91.80102947198522
68.62260037119889
7
90.14590870418961
59.1446134581938
6
104.76855345485659
68.57106990409966
7
104.90139969378029
68.24639021874754
13
92.1782241206243
67.9100092869642
6
98.66616407317834
75.20978626266178
7
106.14350576877814
61.22449410908263
6
96.10933138762985
72.46911546690157
4
95.92311964630491
71.60802647639397
6
95.91460725602043
62.37798640616552
13
104.25602214895366
71.67092973725255
11
90.80517579798493
69.99709695622596
1
89.89489215429356
67.90657775340836
4
94.23167207569927
73.77229935390814
13
100.17764304599926
69.78401482549555
1
100.94599494730362
56.419639670448106
7
98.30525761239518
56.361264636381755
15
99.3992397056296
71.33993370921485
4
90.97631557222427
60.63145927750342
2
89.61716390296105
62.34532938364191
11
101.14972647174883
67.21696546858166
8
100.41819770213718
67.68337778872402
3
101.98882605182216
70.5486315489654
16
91.82583704634857
69.19175901863977
11
104.15592209010146
71.56741967176606
2
89.60514206884216
65.19048241573566
1
97.99060974262565
66.68326964429438
1
99.84717497095006
59.70353494207756
5
94.24052785074808
72.86362905373898
1
101.36410602922031
59.3273418814709
2
101.46895518750983
58.92719732893907
9
102.39254494709778
62.91524927382078
11
92.88619418592579
59.78914704236904
16
102.2874021890293
72.12117984571418
3
99.41773205466733
62.32994293678241
8
102.27932170556673
65.1041002103758
7
98.5270781019887
61.10494092552037
15
104.85977881734708
68.82860064541406
4
96.41475989550563
74.63372241451795
4
79.9904585321343
92.3972904091252
1
87.6528800953994
86.37907031177961
2
89.78511123600245
95.05438850328406
7
83.43632652444671
85.59984684800953
2
91.02980870142427
94.03473897978199
10
83.85816887942195
91.78079966068134
3
94.64715450083705
95.70331299456288
4
89.76875851888136
100.86233670097349
6
86.58016804231684
89.83553327386005
9
91.25770750472331
97.94441706621822
16
92.4128877493443
92.29802617785782
11
91.78538459731251
91.26540496321614
1
93.09599628043136
98.76096333461894
1
89.51380203699736
98.7283724326636
14
82.34379716430676
93.27901635081878
10
92.05203626194992
86.56950562770487
9
82.80525848520281
87.87128442797903
11
84.8543337388213
90.4656717888148
7
84.39222787361057
84.71108504975908
3
88.37344947419078
81.72901971629601
9
91.40267128751876
97.34482535657472
11
95.25958933550308
90.28707628348016
7
92.38081494484688
89.66453631904982
17
97.38369027322166
91.95003152504249
14
79.59045729955054
94.85145778390287
8
94.87877848113826
91.1773965294239
10
82.38262655860991
92.16354396535881
16
97.15411011845204
94.41375313326571
9
79.13152962536448
88.48376196993708
12
92.08639655432894
91.01133406854251
3
81.02411263680827
87.7369556845848
5
90.1188023359718
92.0782779283714
5
84.66979810366983
93.42342606820841
6
79.06092871396952
88.43347201179674
11
80.72957616536243
93.91441887683563
24
92.92394199278596
88.13898725488379
1
96.32635194255899
85.3693258378775
1
90.0101229517517
94.09781958343859
6
81.00161636798714
89.04414827114607
2
80.67099399740023
92.04921872373416
12
84.62437768841379
83.4151494126729
7
93.71865505481999
84.21931935559054
2
87.16960324070268
100.23218450690793
2
82.78532994369097
86.29303164283722
11
87.52132380139311
96.84720299251262
12
85.23762391062694
87.86546528655944
6
94.98690275899082
95.19537847685885
2
85.39576115551364
84.32192067599507
2
94.87794551444254
84.11619553178868
1
96.14131197969874
85.40976575159735
8
96.37419748694248
88.546052276756
9
81.81214764266004
98.33306880728384
7
79.1936435799997
89.11014541785677
7
86.45826993356188
89.1513928864986
3
88.65652785771051
98.76273893680724
4
94.76779686575374
95.90217264599801
10
80.94456582083484
94.33196426735252
6
88.82967739141989
82.10891809564808
10
88.80890619119397
83.83330032879135
1
82.87306081534349
87.31083688587509
1
78.69313668358716
93.3524909249287
6
89.02672591730038
90.94853332357326
10
91.83128526223044
87.86846469782593
4
84.9992011166632
93.02488869298753
11
85.21906167850443
98.62540919254515
12
86.30636547714946
95.9247302855222
2
92.14419776687649
87.06363910137026
2
86.82951282395591
87.51199212879504
3
91.49920794751368
96.24665756658786
5
82.13467256556928
86.66959841254598
2
80.79568903638129
93.34725011149568
1
83.67981188363626
90.44184627969521
1
82.57695601342503
87.20202431598901
7
79.1221559581443
92.13801948146985
1
93.87055564401231
86.29799799416396
2
89.68841257302343
99.26306974270591
9
82.5000220718549
94.10684939575279
7
80.44136777252703
96.22859366360987
4
87.94975006888276
94.31863142596842
7
80.3199522807424
90.79934006517544
3
98.13064602493091
90.16304697563895
1
93.75281220567906
85.58742609240316
4
82.22805138375134
91.84644307935366
1
90.51572743716459
89.87383021247443
4
93.83053584467885
92.67935081647295
3
82.88562926037707
91.71546248285563
5
80.11514996192116
91.95386559861254
6
86.46877000920426
84.82234882918156
4
87.29454200229753
84.69626003690729
4
84.9963780667911
86.60786601763634
8
92.74595238331113
98.78926907987866
3
92.4147351836915
88.80200321332593
14
84.90352813849198
96.72162484573265
7
86.25112617457184
100.00067202295847
12
95.76420558491029
93.07306905234331
14
85.3481949728399
83.20416153390083
10
82.46785319160259
92.57862023419403
2
97.94859865280627
93.96081655938684
4
80.5359551352142
97.40092101672641
3
93.48866962360906
95.20663752777789
5
97.36349218318323
92.9974312731191
6
31.92060276380682
11.43581028815136
1
26.078360806052725
17.989131486715365
7
37.84381296694626
9.29848024865392
4
30.11292613491016
7.864768126843758
5
26.19111437511304
18.77688107072991
7
32.24334943601407
3.6810403535843226
3
27.944152740548603
7.428932213434277
4
35.243856228986864
21.51753010980376
2
24.774903895373946
19.648079564976122
2
35.130088288857465
20.74626863213199
2
26.49409518555193
6.466430577908271
10
25.621675991389928
18.076008701505124
4
24.867619240028574
11.69469233115345
8
27.840426092740664
12.652738270999363
7
32.26077455292915
16.759695634000472
19
28.588108516629628
19.353195859016495
13
27.765607272351147
13.590054699761625
7
38.12901271563962
13.10155202262012
2
37.984822329021675
5.104390505701726
2
33.28636890017022
15.471588027573627
14
25.610331161629247
17.117413845556925
6
29.630678452481085
8.884369958723592
18
27.53500187753142
14.428275203858519
5
39.346980199153876
11.503989594440107
7
33.14280178838728
6.364341038864184
4
33.53601627284402
8.928922386067349
1
21.380795693565865
11.440332328372392
6
24.982125011053824
18.746789920290755
1
29.132335636411394
3.7106313886274642
1
34.6514763721638
6.763627733078778
8
24.597100987711876
15.739291054012869
18
38.555998742032884
17.608376922337715
7
23.670393535032293
17.599722374476013
1
33.917071551682234
13.69533379675358
19
27.50265540195273
14.492615857319604
1
36.664045939712025
20.26887348878019
4
25.72417363930022
17.889819636634684
12
33.24393452178129
7.115581433005852
3
31.763960030481286
19.692332660872413
6
36.16679150411906
20.79715648474344
1
32.467790586021785
19.020128754971662
1
26.806648158714204
8.447860160727595
1
30.422857000116366
18.693310703725608
7
31.20548773597909
2.5985375549130794
10
31.657017245346697
7.57567145007847
3
33.14541607436514
6.86635910596609
2
38.395180171734786
9.14891182345174
3
24.542070530290236
5.572232358433725
1
31.253106710227513
7.939911821409606
15
40.22495398033499
12.99748107387536
4
33.36164228523238
11.114245773206228
6
38.44567104124086
10.656909874616755
10
25.14086669273846
10.804457355886107
19
26.043520746599906
13.890637296707565
1
29.509067495923176
3.3004798552912304
7
31.600085909364807
17.296535234301082
3
23.95721550707426
8.705329171274407
8
25.6531479326741
5.082871683098285
12
26.637680602229853
12.316042592868943
3
33.82875347053457
15.628777668638905
1
26.01943196774267
11.639143661722702
3
34.1535821699475
9.914071800601477
15
31.857365556670008
20.078748447260438
11
30.564420826516397
22.2637522210444
1
39.739575929594466
13.723344551112094
20
34.43149257691807
20.548855332392986
16
34.45514234927846
4.356283428017576
2
35.22507247549685
14.955860966371722
11
31.41904732844104
6.256730710393747
9
35.538061805202474
17.201167791810363
9
22.703334706128295
12.373882676606964
1
23.00596664671124
15.11549299568583
7
39.125790339563494
16.167826481278922
4
32.15385667831602
19.611374305005388
16
28.531802020550295
11.5216832352418
12
32.0069025601948
9.50698146647946
2
97.88198698300494
31.273383650002724
1
85.80350675164482
26.790840408487608
1
95.96839406240262
32.52965483623367
7
87.41382926342462
23.44946300291814
8
89.98630136930869
21.92277197701033
9
88.98769434769554
28.203374803516084
1
85.44695068082771
22.470885044820754
2
90.49978294059791
20.60005763466271
3
83.78982560633555
22.39379432531608
2
91.45341844300232
23.337169584412482
10
80.31589154850526
25.769225245943254
1
85.05871717779765
27.14941556322354
3
82.35724892291191
23.316763192153957
6
92.53880471763928
23.166990789456847
3
93.60023552089854
22.99593765682962
1
97.31861666460892
25.542662154534355
1
93.3245263226104
21.52477543721978
3
97.7960400531808
33.94325071730434
7
92.03826611782853
23.673827511802905
6
88.56422968870798
38.24665635537208
13
87.03540932135505
36.715657519959535
6
84.90556542034543
31.287114618996515
1
79.83226658979757
31.00606762747536
7
90.61834534579054
23.3531881072031
3
87.02311851885595
22.182472184005277
9
93.85124793215334
24.605889171870587
15
89.89011749372331
21.80680071635915
5
83.6362355949963
23.407748971031822
21
80.45922457807946
34.52161694832246
1
86.34134198697922
30.477833689708206
9
82.83573780643297
34.54785980933871
2
90.80253824934563
36.887066584618566
7
84.11854490605323
33.45359983639101
7
97.87349858574692
31.322419320373406
8
85.53419872557252
28.946601652379016
1
91.07832034128822
37.38345882424372
13
88.24965595738797
27.44634938194944
1
87.0628144862743
31.666077041552583
3
88.58629945761267
31.918201487043227
5
89.72484746859077
28.585744026640356
2
94.30541064799701
38.415822859627156
10
89.50978122455972
34.56401140335433
12
79.40901877472913
30.106788863001427
12
86.60450727997521
36.84993506877163
14
89.28501884244382
35.13086765825236
8
95.79367480523817
26.75330350855953
7
98.88382160004724
29.64197149226476
8
87.54088945604448
24.073834364178406
2
87.01374619197077
26.010913306259813
12
88.05848755112707
33.24276061856703
5
92.82980855518966
38.74761248820148
5
92.06325980861067
35.072670720905286
12
91.01185710314122
33.38304893015777
8
88.94516297793778
29.783234923300505
6
96.86164693644287
30.88708582352246
12
84.31816068950685
38.08537637375534
1
94.26688710987892
33.05774534883402
8
90.3441336072334
24.528173077696366
3
90.52437962612889
24.88821762250706
10
90.30025551400735
23.493578359798565
3
80.66998626658419
27.747598634469483
8
90.36516396107629
30.27070112490608
2
91.81712628982322
36.72106323487665
3
87.44791347254026
24.33282777953804
9
83.5204375749811
32.65574476719239
6
84.60322434383066
30.041482074319887
6
80.96790420997986
35.046273478681634
8
84.5423042665646
34.67624031672599
6
95.28145520521073
34.08240402613601
2
89.09411194489097
20.361737188661948
4
85.44409875207265
28.992485441316905
21
91.18851935001449
38.609009720902236
1
81.01029128712075
30.088364085075085
7
91.37579269530394
34.344379120193395
18
91.59407295214805
35.06364477968035
1
86.30326307142634
21.04815990369142
10
98.8402081715431
30.123446833211545
5
84.82944566533303
27.044841762367284
10
84.60183623535454
21.597117920969836
9
91.45435776856377
23.964521707448412
2
94.29833767826817
22.356125431503887
12
89.60537453373432
22.65798352765871
1
95.15235314501712
25.397083367108337
5
86.13780768339707
29.450595401998886
1
85.01258489248966
29.74534612512675
17
92.30642403927729
25.560989471622445
11
82.0534194008191
28.251362653395397
14
85.34547541562681
29.521370286107377
5
96.3913080286186
35.321690708574174
3
97.95940220838784
31.725703132464716
12
82.82324328127245
26.177922418506192
21
82.81211672784312
27.895152331066296
5
90.32739617255513
34.761793081872014
15
92.04201646965576
23.35403239922413
17
89.5932340390176
30.271024019621322
7
85.4584759024318
37.95957480364793
2
91.33184971912084
32.697037547684324
2
90.31461168134734
37.938550622742994
1
88.66677162656018
28.051094075931648
1
91.36215404689251
38.3105699097342
19
85.03264188710196
24.490864620192227
3
80.42783755165443
25.735648895521944
2
95.07414310389895
24.168209434443597
9
82.89670286109042
24.92624332970403
15
92.18127006078707
38.355563672300846
4
84.13008304666798
29.431353277905977
7
94.5970688813022
33.083373643512
11
88.87479420986837
25.029084906926602
7
96.64681492362921
34.73619495076364
7
98.32638182597313
30.892704371581992
8
88.10814540581741
33.94482739369743
8
96.97746686352335
26.39407978899848
21
88.2781813288099
29.261274496005726
4
48.49175059467186
34.01887710892112
4
42.89258046121053
42.788204328427945
1
38.16189518485315
32.89305087684438
7
50.96544685012989
34.72301206443073
1
44.4377886458597
34.28652546576585
13
33.59203723418067
39.11986771807016
8
44.35834573238304
45.431818868311225
2
45.159325920393016
30.55133012088005
15
46.7015954143572
46.595891176955604
8
38.85005968945427
42.762672033207615
1
46.7085980656781
44.78740760934988
1
47.26901138259892
42.35578832908234
13
50.06154499250388
37.11182366752281
6
35.71073755362412
32.72148996117131
7
41.06588850682254
40.52112782704007
10
40.137794194834754
30.25454255126962
5
44.00727384250125
47.42774516613516
4
49.99057157574042
44.23715608445182
6
47.29273145678944
32.09960268486036
8
46.15401801510504
44.876784850700545
8
32.308359684080635
39.24314716819954
7
46.31543041538985
46.80029445714194
7
34.57728895502487
41.39456700128538
1
34.34991293667382
44.937667737115035
1
46.63354568162766
31.72485917406563
8
42.90420139145979
46.449063839536535
6
40.107683214525764
41.06066767721522
4
39.89379758498401
43.308589600078825
1
45.82507477092666
34.734731566521745
4
46.653239819784126
33.65848094636226
3
46.37521168195573
30.956016633989314
4
43.65036265631353
42.200792721877214
8
33.962294830848116
45.00026595023512
15
44.67423173837281
46.27495973581002
3
51.907319519945275
38.609835210900734
1
47.576795257810836
41.357523349503815
9
50.54813729298847
41.20985493927159
3
38.30838770418722
33.6710203007555
5
48.70138951999026
32.280456914569726
1
48.21686041346087
34.098608784350375
2
34.68124347104623
37.349589019229605
5
49.127301381889566
39.28704626070985
3
45.91548028517533
34.34408207012092
8
41.76359279730246
47.245080207724904
6
44.1616023732851
43.35301989545115
4
45.49592043281794
47.0045456969405
5
37.147281994983715
42.874524853058915
1
50.40381688922726
35.486618221708994
2
39.79211328352208
38.84797528232821
2
51.69296651959918
38.80386276471834
18
35.11267946520104
40.88993412127698
9
41.5012548517538
46.51795191667678
1
48.65895605281388
46.522898040877685
6
38.71503976531305
39.068547468183255
20
40.596708634684035
44.069765701049036
12
47.5747743228325
36.4382161632803
3
46.14038793328437
36.485288271516815
1
36.81830909865235
38.369858709901955
3
39.25717556119979
48.258630887185575
4
39.22497090506778
31.976562671227516
3
38.37849923982857
43.39882557786719
1
39.49948629737036
36.10300522543116
11
45.985750046917204
48.79949661263145
14
46.33347370060428
47.05661874993463
5
40.387278014778914
45.2808412736952
9
42.87943033246571
34.212997183131066
12
49.56034253698879
41.70061188988922
1
36.58950707180177
32.17479646723232
2
42.7845458896995
31.062313478297302
9
36.53093864751976
37.66230004429085
11
45.5315152355094
32.47150118448628
3
50.96708998186408
37.91734888415622
7
44.93928002170972
38.87285045296475
17
49.57679607487994
43.28423246003585
1
40.43054083896773
46.17582674290614
5
40.24985722292021
30.99078533426691
1
47.80247841508596
39.64598496284008
1
46.028454627670754
37.52316298679887
1
37.96276361527275
35.925160989623535
5
41.565157898169204
47.04989547424006
1
35.937341574492535
40.31345655408417
11
43.16564571026405
35.48738126302972
7
40.38531149915702
33.63085448611882
8
47.54969035441026
31.4705422595302
1
39.50190740493762
41.636404152499786
1
37.778631876779116
38.20148009668495
7
51.08844026680752
41.16390509526292
3
46.90831061407819
32.56201007982574
4
47.767348395669465
45.099363643812936
26
48.925318617716165
39.670497251676906
9
40.7944305120813
40.3284044239152
9
38.09675921368063
37.57066424080179
2
43.91269259502795
32.374571676705784
12
44.445280655873844
31.69967676780842
1
39.817564450677764
44.7716128503125
4
38.96165680523963
45.58178701015859
6
50.366166787775015
34.114641913515015
21
38.47834808574642
42.424998296139094
3
46.04826574580994
48.37501866655194
12
49.26771373314481
40.847851725628175
3
48.028472246667135
33.8472132856626
10
51.857684432151075
41.05358197141477
4
37.17654405778972
40.138423358847604
18
1.6298137175263556
17.624170808910826
5
11.821350370971883
19.9535801374643
1
12.85481920226683
20.289227565616557
19
-0.05955939233412355
13.18705766722563
7
8.241199221492325
8.966240943441848
1
14.451474254163992
7.378778151802676
13
7.451986974831463
18.48327915803865
17
8.982821321013278
13.840910109811894
6
2.784829057315177
18.273533785057978
5
7.367215220256819
10.345733082460683
15
-0.7847382390850148
15.817380503734757
9
15.816030761793145
16.596975040230898
24
15.424303982123485
16.125323589647525
10
8.650812397616862
23.369074690781638
3
15.568701234739803
19.49017621211376
5
4.876216917252737
7.624263087297458
1
9.355921378318794
18.530380236172633
15
7.983892795218539
4.940360018525887
3
-0.4651740204493531
11.21113233511389
2
3.5275992924071833
11.900270438512358
6
5.954042729314494
7.607957364759413
7
4.211423938571938
16.473442632865677
12
10.737538498073695
10.780499420837694
8
11.541850069202379
12.561482923976268
2
10.822819723280071
17.329687570746067
6
13.244968049890613
10.673908111669064
5
15.710584899388794
15.453199286569685
8
2.109881370048052
13.906704097735947
13
11.453444111860797
23.033794260257054
12
2.578996303397778
22.298085144004084
11
10.531646124837899
20.527547480859734
7
5.76130258906421
17.875967585485803
1
8.268965568532069
21.565020810515602
7
4.265632295543666
10.595735723789147
8
6.795023445894435
24.29760048634012
8
5.8840409636460596
16.45101886364479
12
1.2099089657270508
16.099179518009837
3
5.93512950455495
22.994651605685156
1
5.431190922523965
15.123440783102742
1
10.043271791235435
7.210523806066103
17
11.15258976447677
17.803767780163074
8
-0.17806944793668888
13.472745445175205
12
12.523465314332023
6.531195375199987
8
9.620592580551854
10.150380043738545
2
7.026955179404492
17.183540156736136
3
3.1387769068343836
14.67655341636644
3
12.993592143555722
23.384271842903587
6
14.824466407877589
22.211495183631943
8
2.3177820915792475
17.625200972775424
6
5.663372734888554
7.172382111007904
9
9.994927032463822
5.794510625972007
6
4.3394128580332225
15.37550095249246
5
12.10264456708171
7.387329847003166
3
13.919280582516155
15.190929605111936
6
13.457662444263116
15.207464092496448
10
16.08861675051569
12.382085617540614
14
3.7222868182660935
21.773181680553254
4
2.853270340347704
13.581621070383585
5
11.96121178611825
22.552378028710024
15
8.976963033203582
9.552495529009818
2
6.931054140018855
23.15208657513615
18
2.7937213170897035
20.63684826609561
4
15.03535542002235
20.651787453053874
4
11.335758050327726
22.971170356088642
6
4.387216703135056
15.93941318531673
5
7.338980343625478
6.398420361325692
8
2.833343355130828
9.788968785474946
2
2.802325276607875
19.452561766461812
5
9.709986182483577
5.121312725187989
9
2.653554706261933
6.736773180351876
4
0.6447391736222436
19.335925228905143
1
7.392706266731581
16.25745587959448
11
2.240340331583552
10.946337101377022
2
16.343387795850738
16.511537410155153
22
7.090179910123382
7.873013260514687
7
3.2911103730402615
16.704177077445916
2
11.585750086927753
13.787445904318636
3
1.549919147272378
13.87693853747233
8
15.947814552067646
14.09809033914945
2
4.325972373363376
5.761161512462332
4
5.625990397032005
8.152086818494642
6
10.631747963821065
14.459940843603015
12
0.15397944989062395
9.422951254959724
8
9.919611707665661
9.45948741494908
5
0.23531636609992868
19.73947912783174
1
14.345074059846004
12.308346141068947
19
-0.44005589446090276
12.256216219195819
5
10.253374371656854
18.065331298828966
20
4.989802833499194
16.95694633572162
11
10.655344449488293
16.583516600625714
15
14.73195479474447
15.752046278369045
6
2.586024002149898
18.163288847314046
7
5.854958037418019
14.313647934597146
10
7.217087148863445
19.19750298986623
5
15.962459674394507
21.136353430990297
14
11.126760482785693
6.154862596305943
19
7.078756190146773
23.953282544999137
9
6.069084456717899
18.1052700350614
20
10.73976755450679
20.839489236795554
8
5.485105728595068
13.619186414189883
9
0.3744557167809166
13.77431479963394
13
5.641872288300369
15.438864538055048
6
9.3065515243572
11.480446811699348
7
1.412326310457936
9.399851497093803
4
9.7875516268298
19.952481056510514
6
7.385279401321556
17.978455568371736
4
2.8600454873042302
7.9176473946622465
5
17.105231999618923
14.77697328876385
1
6.031043361660794
23.90762810759095
4
12.675072196937514
11.16416352836499
11
4.9315746929707345
17.939839363181164
19
1.2090445766844744
9.03350440874226
1
3.422175323545644
9.44969287424281
8
3.5514095801679915
14.027686926469356
4
2.6833744733079596
19.5958758524923
6
12.328640622379387
13.377848515476419
4
18.08875535693359
14.450717980511751
1
2.387174826952654
8.89864478934828
1
9.06781563111559
22.491038338994937
3
31.851660547461474
43.47106766632205
5
35.114430023082754
54.39748464711154
2
26.11408551714539
54.12249218546972
8
24.668318924135683
42.23425444968789
3
20.908791824419694
50.0121287350813
3
31.330444609560196
44.8245991416357
1
33.30224369397035
50.81033058202631
5
35.96903404324002
51.49629555330119
6
19.90573707904968
50.2550094547385
21
26.179052962043105
47.80170542312315
1
21.619655644572234
46.59684599239166
8
31.03604457387872
51.30205802558285
3
28.472923792801744
56.91222808236388
10
31.852773006885705
41.73000219537125
14
38.284013098635015
47.244768308345336
9
38.21140253276512
49.65735061531912
5
23.751838084064275
53.654564921198784
7
36.10542347821852
50.40481284317251
5
30.974359993864645
55.34879135243172
4
34.58419657838615
51.62397935285509
5
28.955320485499264
40.157401866446534
6
25.240144817825836
56.72887552701562
13
27.99844789906954
55.11547179307237
1
27.68556652044478
46.525358924511885
9
24.029095079079354
51.03069361765344
17
35.29288079767332
45.95873340560306
3
31.69288161994662
49.701179764987266
1
20.915349464280666
51.19884533853535
6
36.50097683064972
55.81651755206909
10
33.79800103967963
48.45738671830438
8
23.966570539665042
51.72008238596216
6
37.43169017931481
44.576042134180085
27
20.123397392671514
53.09324414659764
12
23.927635689563147
44.25715748357794
7
32.90540700715202
55.776069787619164
6
32.4633938985116
43.12081594773413
4
24.661915294335717
58.03173577520882
7
28.714171388691746
59.64920961189709
4
33.054519621890684
58.252407816749084
3
24.40685037563756
58.32003031007614
13
21.37928936266843
55.69008499859183
6
21.89549162641201
51.3202533232974
12
30.878402188481886
45.22169166121473
7
24.18048370007119
55.96463235981212
8
33.86306204165305
55.3254117999982
11
30.95784734322268
42.020059202296125
16
27.41762895433562
51.82174101105926
1
22.90664460823253
53.86061303145654
7
32.89903895107058
42.29455399435872
5
37.48161763919572
55.18953047083032
2
33.4374577516259
47.93526814694232
7
29.95443589208378
46.202341643297906
17
38.98388547003625
49.999330415573
7
38.816409615439305
47.159655851404935
14
26.885426119524404
42.93152682847308
13
33.1300291259474
44.333419205207065
1
33.071072121323965
46.905151602667665
16
22.90999601312658
52.54396354522134
4
36.09659059775998
48.30293571756431
10
36.783085001389566
50.02589275486241
11
33.08046031719413
56.260250020081344
3
36.33016625211132
43.477460369861134
8
34.57446077655032
57.37005883947012
3
35.79952394857821
47.44309893885607
8
24.50673379855261
54.92087533146285
1
27.32890040369024
42.12464910753543
7
26.5985524002761
56.553773630574085
14
35.719048020982626
57.211645139557675
11
33.893275388535535
41.915470383624566
1
30.493523385295553
59.11285330063345
7
37.237137616303556
46.04452473245096
1
30.975555353673933
57.77188185930913
3
28.525114631552647
51.96948055501207
8
27.592805746686818
43.07992053270149
3
29.800783504425386
52.7050681744643
5
36.187157301590034
46.359691727498316
11
31.59466192035987
45.17329968336095
2
35.79118404040439
45.271079623582395
12
21.618829079748604
48.66718962875828
10
27.844891724211973
55.762065152000574
11
28.602334224491784
50.07221750929027
3
34.408614704057996
51.27631231666331
1
29.398055049472866
44.66956435486255
10
25.147789766003736
47.36939631125805
8
26.92875808528288
49.53885492906087
8
34.17793748757861
57.45433232848299
5
38.05766568970773
46.28015749348374
11
36.37086184959156
49.45391340612138
2
20.880796650507186
45.596403171302995
2
28.140076713162706
45.185527603173384
16
23.943459715215997
41.720162869120685
6
23.86378123431569
44.3992246243602
9
7.3809365670633555
60.70764125790847
4
0.19071499468231412
60.22318361190552
12
-3.9614269825213952
65.46398858285735
3
-3.3344505899930508
71.27336127289732
19
7.941610435531559
70.48499828356229
7
10.29938618173857
70.88531556098623
5
6.638471683636724
60.11610015041969
4
-2.174644414268708
69.20912538061918
1
4.61893742605739
70.84668669085173
8
-2.8365340316559515
69.47628405726178
8
-3.627654603394886
67.15561198978747
7
1.8882353303249149
78.49920953817441
11
11.916813907308299
64.84165403004958
5
9.125004488628484
61.70210329589481
12
2.993280578045934
74.99905418182907
8
2.5231523279426336
74.02002981975042
13
-1.2919328770440943
61.797851742911696
1
-3.6306106038336092
67.19609818380574
1
9.363670110793734
76.96951095018547
3
10.877521376476583
71.61951666419098
3
0.7372254056574725
72.99256088523907
1
13.014987504114181
70.17165495832353
15
10.790993628530615
63.70705803531895
16
7.5930218960688896
71.74143580869679
4
2.8965029636629263
71.2204829703003
7
5.286696756683754
64.97333084653008
14
2.8985084943253066
78.99711037092206
2
4.844950830371656
70.79504914731771
5
7.258860018127579
77.50186180206659
3
2.8141042414560333
73.19294095894432
1
-2.8962782273343333
71.67319741614202
5
5.175134734598058
73.94742203393429
4
11.575228811405083
63.691135615816236
10
11.837330740517793
69.13401648977049
5
7.106926842553553
74.06339712707187
6
11.200198108801182
74.91660461339865
10
9.702572957496507
76.41380471205682
18
4.181149332056106
62.51550586498104
3
7.824663782191382
78.06240966645571
1
9.765809488823098
69.14362690074827
8
4.020180478159154
77.51826691265583
1
8.957458654128907
67.20233944281163
15
2.29175000414089
62.575037385279174
7
3.376870348196632
78.08203630427303
14
-0.5854075258454525
61.32301172297641
4
-3.568451248085672
73.19671744457149
6
-3.8821616212395424
70.07832758880662
4
10.636861313711318
63.974154973441784
26
-1.975700824394103
62.17413116497212
2
9.42295153372368
69.50717527752127
13
-3.4898590171967845
75.47519472772291
22
9.765615981233594
68.35649812574165
5
7.687372264979548
74.96861725213742
3
0.9196147173193161
68.62530920887812
10
0.3984553229870027
67.74432308097333
1
-2.5137083853217677
68.5884696158416
9
-1.667029435095718
62.51957760199279
10
-2.583609468696427
70.68406007041534
2
12.441322109620959
71.95961451840107
19
-5.574526241288831
66.81300936930079
1
11.299404833587833
72.49493021864693
6
12.197460605538218
66.05939577219024
9
1.1797036017794325
77.67063183513619
9
-0.5836110614136318
73.11812179299014
11
-2.4411299412755603
69.72422043026539
8
12.395153284437814
73.37953299013813
11
6.996594225900865
71.13527229681392
7
-0.5693311077746674
75.87088211595243
8
9.999966028851336
61.614454049389714
10
-2.3804129532458105
71.63804264231123
15
-3.516311380793303
74.40902967119331
5
4.574678453111404
65.98231599983475
7
-0.263704840798181
70.51101420846574
14
-3.328501604866879
68.67881767963914
12
12.81500162625845
72.39269917812929
4
-1.0998983795228527
64.38442015213124
8
1.034774435021605
68.82202505484418
16
-1.5177445103674811
71.08594556144364
7
6.563873208703602
76.29141377014292
6
0.1613662631650934
74.85471380371068
18
-2.7503843868829145
64.93649210931216
11
4.905140516683452
68.30754300492299
23
-2.1105404525296416
63.38171212884625
7
0.5298852376715582
59.77559648420673
3
3.5558183304066704
66.50105665611022
9
9.119230065711783
76.35465779577596
11
-3.2486907929754225
69.34440926688738
7
12.478849273809324
67.63818412986797
9
5.677795596787829
61.430947885871916
9
-2.587028655147124
68.7409638374211
4
6.096747259936662
67.54402864513972
18
7.2645271839419285
76.23763886508384
7
-3.0460977367464324
71.63238867208958
2
9.798502125563076
64.57478772246283
7
6.739146556889861
78.28826231033179
6
0.30451818315757073
64.77869684810643
5
72.02948692160042
60.52939890691278
10
53.75549232400305
57.12105477571973
13
60.36407794599302
59.68136321771213
18
70.69833709888789
54.48068942737346
2
54.31661939054709
53.726953108481766
5
69.8375502908055
51.13961490340002
4
68.78391327275739
55.69085177855621
4
57.59740189557225
54.45740040297147
1
54.59170458580619
59.97678633634467
10
72.47320728476377
59.989604495027834
14
60.95049423794054
60.55307371817075
2
57.104779569496316
55.17217677666586
1
71.3096356749007
52.58013327315898
1
56.03987467362614
56.80628026805529
10
71.76089991457728
56.04420804452991
5
62.343674544512375
50.69681591106156
1
70.03879847232012
48.155830330127266
1
62.83770518031864
48.210288389857965
4
69.81292098933552
60.68359120829517
5
66.15711821427622
48.03609444320478
1
67.87313838815153
54.572604735971545
13
58.23163755272418
50.55625393149987
18
71.858694565263
51.3023264455414
1
64.88721323547325
56.22649707848031
6
70.18527781285032
58.878221574241465
4
65.88701048991503
61.179104038213694
2
58.26091419055005
59.74943405375082
13
71.24883569626547
54.15289461114008
3
54.0245646156018
53.24490842753849
17
65.46167727354032
48.67682888875613
2
69.9776931009532
52.29173335149618
3
63.741125713746165
48.05988475181086
3
61.805499566985446
58.979816446542145
12
68.9270864471743
59.24862575188071
4
65.28207917558284
48.369533858897476
3
70.95861722295682
51.296160684736805
7
65.87155087421593
57.327123543146485
2
69.52679470487332
55.474394749060835
11
69.71263606227677
54.46842521710433
5
58.96146070023931
46.81399556187582
12
68.05300911719128
50.53838813174981
4
63.0415942580673
63.16315769370518
6
67.56621371447595
58.58149156590327
9
60.02016186866701
54.63089976460109
7
57.37322434962966
48.50333542831655
17
65.02388590339106
62.765870203290255
2
69.48017708904146
57.29638159329912
7
57.37644850190698
58.57269711803401
7
63.56543817485906
59.07602018220332
2
67.1292086255823
51.79702609733014
1
68.76302365355633
55.97909471203049
1
61.44972553318912
57.55838397794512
8
59.33071562637693
64.64007184134265
4
63.14510968348095
59.097571855485356
7
69.25930782894429
61.543374872340124
4
66.55480424224632
47.51035240598557
15
64.97580606334368
52.03121330960628
17
72.57966704641966
57.23774617299152
14
61.425142617534064
49.07187718693603
6
60.02394889873644
49.39628514194592
3
67.50038930202794
53.35828104112258
6
61.619407332557756
54.95444868862222
13
68.61807252510326
61.97221234679249
2
65.62186015954674
47.144007122994154
10
68.51254326354534
56.296624280131994
1
60.42287729157373
51.25228829703025
10
61.95945298736525
63.64625646100688
11
66.9655817533285
56.73492199488909
12
63.3062140305076
63.177783153266894
5
56.167928545232705
62.276745631792316
2
68.16066252386064
55.4908394945439
7
61.850700567220144
56.36511737619654
3
59.92954206321177
62.327876203060306
4
58.00727238297646
62.626773132183786
21
56.51479538304371
61.26793307696565
4
61.470309529451114
48.42032353464851
14
56.07432703461186
54.863559930656635
9
61.908781450480916
48.95379362421479
1
68.46061068430211
52.68090952256384
10
65.42248038250091
63.70799682998323
1
62.48486312780067
54.255012773056635
5
65.80896807152388
62.542868966530094
1
68.34450481465647
57.622881714921625
6
61.69951755096055
61.77100856209818
11
65.12611189368008
63.808639957509655
9
61.745660071218474
48.601131146589424
1
71.91476455539495
51.230342408569285
1
73.09158536196905
53.28153737179301
10
66.49966906290935
61.29711266518153
1
63.94044828819857
56.262996619266154
11
60.82667737733972
50.57612664595307
11
66.06112447157679
46.12103747353258
8
65.92347429650832
61.7941389343501
3
54.97726008339172
56.00479291100749
1
60.384656737227374
53.74078139635067
10
60.24929693422128
53.30304507733236
14
66.8676038682706
52.263434076396194
1
64.37810953138957
49.48666557801213
6
58.83892795288495
52.23323117690647
6
68.72654117325445
48.404895161465305
1
62.1373686112401
52.49898276344654
12
62.65065737541135
51.956472190944716
17
67.04482498390546
63.77954961671834
8
63.005336679766124
60.4168125956886
7
53.574874082454095
55.194058424370176
11
69.1743579053666
49.94165563769463
10
62.813376160174414
51.87089885193087
3
60.48398510924355
49.78372187429799
10
64.37604983619173
58.16912247326093
1
44.3050874990228
100.54248408387897
9
42.52751859722992
87.6280824149555
12
42.13688064220436
100.01536580578124
1
41.710292635573516
96.56509357566566
5
37.531358094250095
94.46938706000296
16
45.75442043216883
99.19655199592441
2
44.13594022494169
94.79386031876683
3
54.08301767871282
96.18985314231814
2
48.53162427181296
92.9920800025691
11
46.10253048646997
95.97331620078067
1
42.90540455981571
90.37538752382272
24
49.066580777168056
97.22516927291166
4
40.76852030440052
83.89080583489236
7
53.074163727685786
88.04035822762995
4
42.96568720813536
94.70377386809906
9
46.93765801691829
95.86471522303843
3
44.86788349486778
98.75413692835804
1
51.13816341134373
96.59320029273415
1
49.18394695264231
82.57620069650596
4
43.53260483299342
86.37077015196706
9
41.3833931688685
86.35651506590342
5
42.70216029891688
93.60522744442748
12
52.63926464528217
85.65266252637706
9
51.82296007974957
96.47698312294328
4
51.471633255565166
97.45130557223004
5
55.03106337166865
86.79621738316571
18
53.217527904762726
90.48695418215472
1
47.9925098386195
100.14935047652405
15
42.3717262326995
84.20822195910768
6
53.07441851365691
96.30742114459551
4
55.083741513217014
91.02779582127542
18
41.106144530920915
91.41799067242907
18
45.72934785540399
93.08864152573568
16
42.725592627513464
84.41328809413218
4
39.87858536557847
88.09933455472898
8
40.10166526502289
95.63185270366887
10
52.74277510538481
97.38925354012652
5
42.01117839217897
92.80307128354782
8
45.086972929500554
98.96356891699202
9
54.35044749437952
86.3704771456813
12
49.06169555511576
85.45785257621556
10
47.742361510175805
99.33295083654957
5
43.495034780662536
91.85869893218997
19
52.65317809914139
85.8818403511126
4
46.1221575110659
82.80841915005729
1
46.739253714063125
83.26746956940332
1
44.306576849546204
98.38124714519624
3
46.45322439769101
93.34017215339226
7
48.37153360451348
85.31686682095864
2
39.85571264115575
86.3572115515172
3
48.423109145881895
95.9574565134952
8
53.94373197961258
87.88866091570343
10
44.99349134443661
96.17854731734928
3
41.0009329131228
94.31765553616336
2
54.48731986016618
97.32143907812441
1
47.776503433284006
84.07295040177839
10
44.510145314327175
88.92163666584355
6
41.31610175406379
87.77598186888996
3
42.77768848205238
88.20068148547435
8
42.05424912073688
99.75467453617503
6
40.84947667730549
99.69876163882586
2
47.117252204844846
89.21393750590556
5
52.397811775238154
87.25568464162599
10
40.5044874574172
85.35391611155048
16
51.27153250375082
84.21656059591392
5
38.8300778767287
95.5508602164234
13
50.47708219469706
89.84842637166068
3
54.66399074233536
94.97832110906756
7
48.025541228616106
92.41390971326102
22
42.54528499335061
82.73890589633774
5
46.16932226774166
88.3191950311354
4
52.218339482169775
99.71874995546503
8
37.90108220885094
92.8870136695529
13
43.5767037113243
96.79089215386573
10
44.81511409975416
96.19645240000024
5
45.727167912171865
92.9166154401121
3
41.94682071676653
89.87987509373573
6
39.491887987904526
92.73402554233876
6
55.86033992260488
92.47050038049804
15
45.856479287897606
84.47057463587451
6
41.46903765740966
94.09380371552803
18
51.63764490143569
94.2801694774229
2
50.32597491179237
100.86091264310883
8
39.8581070691828
93.95168049562182
9
46.52387475656081
101.68404231290863
7
54.85078281850351
88.75606590695551
18
48.003857725279765
93.61249299861126
8
45.119522151487416
92.91173420495149
6
56.10590076390614
93.01411890084837
5
47.58367398271037
90.44220911832787
10
44.59318031468257
99.09853044180186
13
37.226717864170325
89.53601835261892
10
45.5059215601743
95.76472097803449
7
44.10463021397159
87.1904516355117
10
42.76665336709978
86.37022967216863
4
39.92290951427347
96.72329893929191
13
41.738651543939
100.0703748069856
24
55.027832349887916
87.0597509793568
1
