200
200
30
64.7947596718279
15.731394956871883
14.458316752128574
37.275412271854655
1
16.33280533188081
53.927501043925155
3
16.36337761678218
37.19928029643851
14
9.419558088535775
39.650236409757866
7
17.607674003843982
54.422522677040476
11
2.390631086962893
36.23810754365347
2
17.585693382574778
46.11367324096225
9
5.32151214946197
36.3512962709158
10
-1.1456502946221967
58.53328127826677
11
18.761878638938942
45.170760048897996
10
11.080559511141931
63.09959191538433
2
8.021039855552225
45.21097972654968
6
13.311952048643924
57.73810003877836
6
19.983379837014827
56.01549448235383
3
4.581198737633606
56.297277904127085
4
-3.754845683124853
48.28932315212566
17
-3.015534667222423
48.68085815807156
2
11.473672645934048
41.23236257741654
13
4.422303607739963
58.208475633782754
7
15.323712296448935
43.93155282933775
3
9.384904927044674
55.10757488088975
11
21.427900274103347
54.516609046520486
3
-0.063691142216876
52.35287873304176
12
-0.32348421041998954
50.07441917265841
1
10.232342238455399
53.40095839402639
6
5.212963315773386
59.60317856265948
9
18.735615152272832
57.86329177204507
8
-5.393617875036616
47.830129389473825
2
7.836892072038612
39.14508144366867
15
8.165091649917283
53.82569096666926
9
-3.801038754436666
46.19987042468713
5
7.47153597433212
58.92582886713437
1
9.113117221529807
34.82888460402606
5
4.317337540250632
61.191715255510616
7
17.308120909521357
42.31860664339179
9
14.914362381395936
36.92465250831124
3
15.65377818818169
54.03609799926369
1
17.019498961425686
42.53899638765006
1
3.072148045087692
55.177564906596515
5
1.2104221477299468
43.75966223459809
10
-3.4238954128121115
42.88222203872006
5
14.495318836388826
45.69416340810453
20
5.288335718313883
45.81378353822355
13
82.33285615531258
52.16282878843711
11
95.25536465205936
39.67163120866764
7
85.62296489858173
54.99962732592533
1
94.21360536600288
59.28047234364476
11
82.85477156693993
44.312645445977175
7
77.89813061065875
44.946463222604635
8
100.9096986762841
51.82688834140829
5
98.70817108291274
45.57908257264414
2
78.69227553087852
47.80384144947701
7
96.90701474608915
48.665092584724064
12
97.9112110407441
43.38134277599224
1
84.53134819759235
43.136912239007
5
103.04326146007237
56.962318813261504
4
90.96933631229166
54.6822896242666
5
82.21913701130259
60.14756745562591
5
82.15230808813304
43.019183864928785
5
81.02252638802959
48.638767623950955
4
79.41160701046992
44.995223016572446
2
85.76168672538859
61.28088779113011
4
77.99630381224857
50.88398009123931
1
90.31690575837533
49.65785936510308
9
86.643395380601
38.789547243010055
10
94.11531683623778
61.550801791144245
5
92.25668545598269
44.40757076458379
1
87.14072741717796
55.91970632747041
3
90.99783586591275
37.93367092606335
8
79.84735439452322
58.20628822104364
5
81.00753944993478
46.683999871640665
5
82.32081067839032
48.60564725455205
15
94.61232066683527
51.555303098821156
12
88.3146477809991
54.7583241605718
12
93.8217236704518
35.941611266548364
2
84.99884187989609
61.29551063951473
13
94.6687039386366
47.49006221363973
5
92.88402406597109
44.97097661252704
12
92.65570842463912
48.1270170286179
12
87.27051921957434
62.86426149418787
4
85.4920835111009
44.33370687136379
4
94.80262349185878
45.67158363275801
19
99.63551132592474
58.945455365956846
4
85.87667506735195
47.34105170221537
8
103.52050307833562
42.9537955369274
6
94.70246964974598
58.03003767272821
5
95.50995421078225
36.191031077384295
1
82.40608512128406
57.758102753631
5
83.0200969700612
56.2506306805919
1
89.82548868127162
44.37316156365179
12
99.57781693294126
48.163411331060956
8
91.04044520493922
62.562202662025214
13
82.34932836704768
60.16876713654781
1
93.77795609616386
57.273470858869295
8
77.56452740708559
54.388922274472705
12
99.32876403701037
58.47723126504998
10
94.090574090382
55.36647816489001
4
98.06466612391273
56.21621403429613
14
54.07978062320553
72.99903219362743
13
56.070784607102254
94.43458310880759
4
61.65532181358981
87.88723678057812
5
57.17181777379795
80.1149954276245
1
60.50316021093152
70.65647383464974
2
60.66774258615871
94.62654995069863
4
67.83097532491034
90.56306445997407
4
68.17633681872168
87.13027425246034
3
58.0004553812841
70.0698670833053
6
60.038080179849175
69.89175743124697
10
54.27655455025726
86.21558643725122
3
73.65494145498663
92.6081234411275
9
71.75479379945381
92.64448521394397
3
78.0611876587935
87.05144725048595
6
63.383686484591756
71.2897158674613
1
69.3682895119521
83.64984795003392
6
60.85656673325163
82.9753890614645
11
67.17190479757575
69.13491869711294
1
70.74826449005253
86.77671335945047
1
56.440495434816306
74.14272631580272
7
63.992814619053746
93.9523296347395
5
54.121636801562445
89.45501728717781
8
57.029095405959175
81.01351816819749
23
55.647518386347045
91.2284055237165
13
60.21379592321696
79.13362775140317
7
58.60074513882361
88.78992530389601
5
75.68892446239174
77.13227022264302
1
75.57987341681186
83.31995086930917
24
63.75860333911885
69.34209748078742
1
52.88120236217082
83.03374513181336
8
69.49012507564792
72.03248962295702
14
74.93588514782095
78.50813238888045
11
53.59112040938146
81.4982964133796
1
62.89034799237757
72.86235910388456
10
64.55933586607269
72.23269082415463
3
55.45236171937086
89.2922252754317
10
74.23578765962766
81.43785501112372
13
61.221756811710485
88.60636147693513
19
55.26080813034863
86.00593958257849
4
70.72285789075927
83.79401076064161
5
56.530163870695134
90.71953923310046
17
71.71397537257565
84.37101612050151
3
63.079413198340944
73.2774003565165
16
70.25000754800422
74.93491679476908
15
56.07891733802985
92.3916417747551
4
53.70127188300773
90.91600477239069
6
69.10347978488382
76.48821866565243
3
71.68257742271479
85.90912729006277
14
72.85517347413419
77.11713593629398
3
70.83082786411703
73.06034799801408
4
50.88884921753856
83.21297085268368
6
72.96075672652688
86.96101022412276
5
68.18823641088971
87.58292722193166
8
59.758207719922765
92.30108007433185
3
56.58332547257684
38.36992316881384
1
37.206887262510335
26.428822670673636
6
47.95300374540586
31.390823168924854
6
55.847246028487675
17.846049830138792
9
53.339001176312806
33.126794462992585
1
38.968531232199915
19.71567809737999
1
64.20900441904732
25.392015054664174
10
48.676697803227704
37.5016575786581
1
50.21924040546531
29.971758633618865
9
47.9342043504614
34.87839563289114
18
56.840701733300065
31.199304496735706
4
49.06105454658105
31.719596129884973
10
50.79329191793583
24.90650499900412
10
42.79071885648988
19.673619816745294
1
57.85365726744388
31.98410211249717
1
56.89588607760621
38.033906702296946
9
48.794572898501315
20.473150926883292
7
61.81051558822807
25.443081640709124
4
42.72443675018216
26.421938224695406
7
36.75142866401938
24.453860292767622
5
57.287997401326166
11.69601596352922
5
48.77501568971894
26.19694254434145
6
60.031383718323475
20.18755223979899
6
52.15802019937682
23.94971264902999
4
48.30216324233283
31.105712169608264
4
50.22703958538516
21.247418123966636
6
47.487069629929856
27.176494496738083
12
47.37940235501501
34.6183007583203
7
60.33303314218773
32.03022843175401
9
53.87618633267167
17.495738960391694
6
50.59874406785237
39.08441214648113
11
54.76585610107001
29.23551716629348
10
54.63731126067789
25.15273906665034
15
37.029676182981646
26.19564877927849
7
62.56856252522694
28.44966104649608
10
54.237650046450284
23.543387842462213
2
53.18386322702884
20.19263340313411
5
50.85402939509795
12.144597981532254
1
46.75622129126866
16.227592935574652
13
40.75094542075403
22.80530497320178
6
52.86335642472742
21.16628394390156
8
44.15072757907833
22.597564459217974
7
64.16528691513017
30.230445162831423
8
53.57305115373619
37.8982675733149
7
54.58371570766617
12.69626259055283
9
53.47318230993431
26.52511186506981
1
65.4415248028284
23.208294505867016
12
48.820045087380535
25.440584515310988
5
