200
200
30
63.44508079742437
4.878088169526552
35.12543632112603
24.67575410122467
11
86.64185572873672
15.24833014855323
14
2.1213971089813697
-32.18570518903325
7
47.820331804049204
-10.236798980883076
6
-22.100578767333964
42.59240900147892
14
-8.57477640747129
-27.800309351201168
13
8.076066418124256
85.66637122631562
10
45.337423808703775
67.62501266841318
8
-29.188683447785856
2.822035972813829
29
88.51337681061449
-1.204444388303024
3
64.39781348893328
103.01381110159122
1
20.898758490568014
32.163824721463946
1
-22.944405375092202
10.217709764942938
4
40.7937179358472
-15.405355569430057
2
8.42876117056609
58.77772068219162
1
79.31463117643929
28.797107017052333
7
57.03341190432988
54.614462538680165
8
85.83677056954846
65.74238769866906
6
11.087579949645615
12.44447098088255
3
70.98060392250517
16.871116480032413
5
10.121161595134893
50.575507249939754
3
79.45786513160701
-13.135318091605196
5
4.028844945815294
40.51659173454019
4
9.515448283325838
9.328965994309371
6
40.90413622456853
-17.0385405531388
1
56.89638746818531
58.39438106502215
4
66.82082908425778
20.709731693967903
7
87.0202797897361
-2.25315086570172
1
18.438740256439587
54.674385821292226
7
3.699098722853762
55.21209829533549
14
56.95722620539297
49.574507460372864
1
61.936080193500146
-26.95659428875081
17
41.460866018526374
28.98770367255282
1
-20.053539135229165
29.092100433026168
2
38.33787396379056
48.33655680183629
1
10.643896194507207
-5.864766982409783
6
-8.288496003462427
4.617614033339002
5
110.4172491285758
47.75424727448563
5
42.575935059270634
-2.4431666054044
10
102.26211797075419
15.827906709057117
1
32.24964592439885
-7.094363302784586
5
15.368936160975807
33.910009300812725
2
93.77785902107692
52.51801723137961
14
-18.050665258387284
22.605618044308677
6
46.76232029663282
20.862680032706926
9
11.161487145706118
8.193420777848992
6
61.93735552142951
0.11425363708887915
3
-7.28699297302083
60.33650276563201
5
84.24803450401745
32.6819631115604
8
38.02652958210473
-14.042880374905973
1
4.323867306471385
-24.317448866582268
13
112.36419790940585
48.61849158207202
10
78.04677073926757
61.02633370255963
10
63.225156061222094
91.02327839115497
1
111.01210183916237
56.44651990092904
2
54.511748290626116
56.484175904751474
10
35.397983284555735
-11.163787863276184
11
65.93626487821061
1.6994833914744092
1
88.35081624976402
100.72280638272872
2
62.406076010147046
-7.011370436560412
9
-6.28221448713451
-23.324454885746036
1
32.30914311234264
41.300251954628884
7
-27.758297302758656
43.34770215149744
10
68.1408392014674
13.242508298277535
19
22.71256131859934
23.977415716822016
3
30.30969687867625
68.16792407366037
12
64.93542323913502
35.01844526788695
1
62.37453178112955
-5.935035485423953
5
89.2115945935667
60.43705633154719
14
22.018243791374204
-27.331072664678267
16
97.81850460119992
11.408457546451302
4
104.67229504267004
53.98866613731686
3
1.1208498218750975
9.455617334512525
17
96.26363493489157
66.79309152142315
10
-15.86514404247886
29.204076610419726
16
-7.07174784220679
-27.901959506897022
10
62.275871011017614
5.954836451749259
4
66.23744667500824
86.6031098858353
3
49.57541888193235
4.488799910509812
8
-28.79367470021895
-10.637707569046825
4
93.10651318516332
92.87035395509832
2
17.59294172508625
-31.80751739949101
1
110.33875100385976
84.42610211497538
10
75.11388965301012
11.380079167523483
9
101.4576822656696
4.476763216333595
4
14.345289972869821
68.20258134572705
4
10.035370558300158
55.418935517830796
1
-22.3786836736855
-16.749893766708745
18
7.994700288681983
52.866835827527446
9
56.488917484703535
100.73536379151975
3
96.61430323149031
76.22659737658427
5
108.75598026771573
69.52928640867438
14
75.66207032193506
18.86319245812365
3
110.24410609087724
33.561069490277625
10
98.30590677964895
50.330814645020446
4
-12.083673353917703
42.06059627897641
8
29.874196560909567
70.22561378996545
2
-27.396612569443597
20.834541994680137
16
59.26916696453992
56.9052613559107
8
111.57252619941042
56.06210828967051
5
42.33554645673658
4.969448597673541
4
99.85673255466546
55.35144857291625
2
49.06215484170362
-19.328328146620308
7
-22.66206310998232
23.512591893263206
7
30.212521210553888
-6.586601827613947
5
83.25028215858438
78.6993362101152
15
14.962179898526074
-8.842846259173285
4
73.13337803964168
15.616195590796636
4
-8.083695855856476
-7.87489526941587
7
5.558470222533856
70.16172724385672
4
56.72449379643811
9.590293359086544
11
102.61419929751068
46.17292312378421
6
60.72594512318136
34.83741687448752
9
105.40667654171023
34.89693278792263
4
-28.90907263390286
-2.3040527700334437
6
52.262016906126576
44.04693953436081
5
7.805945943044435
74.43144019535549
4
41.07452782073699
96.25715681290635
2
-25.60343402377373
28.347036904114383
6
13.932014831714966
13.574600332646284
14
65.33832308212274
68.40146464660603
16
81.33462191302601
79.43354902354434
5
92.48680867192894
71.27421329262188
3
91.23234135026328
62.19450940314389
2
114.15368415987854
36.593426441820505
8
49.10519138299584
41.23991646313589
1
94.39604876659402
50.869752989996705
2
66.36259612468427
50.49491116789728
1
28.7843002527528
-10.073632752192438
1
90.36035369070805
96.90673599128888
1
28.054739404271643
71.41843849099027
6
23.40036206431384
17.61979119955202
6
21.863602364978277
73.80577135093517
13
-10.79330261140882
30.368024712251334
8
-6.724300830093881
15.222109050752657
5
92.56406502739401
83.43833761227424
13
77.80009167500768
44.58817562370073
6
36.97048242586264
-18.72017125034666
14
12.004060184947704
-15.77318394898137
17
-2.8291864142658625
78.61625663150133
2
68.18529583599474
-0.38365050919308885
1
19.145738461193815
1.291312075547161
3
75.99251192620696
8.53599534985485
18
15.305677235633112
65.77325763513679
2
-0.4212621820414171
79.73837368189109
8
117.1670064223515
73.85952365585914
6
105.33993409671905
90.03181963027626
12
43.52874440736365
2.114812047189467
10
56.83398596631204
-1.103765408715084
2
-29.504734295004447
4.3934793834259125
8
10.621421195610466
40.81808683259147
2
22.441309507243076
11.779845871397221
1
112.25601045237192
68.51658460388722
7
17.145727745089175
-17.06771516712675
1
-34.19760448755592
8.63641021650188
2
62.72703450691466
42.01104921812766
20
4.472786789852009
-11.087609795324457
16
-24.338177547518555
-21.960033801490052
7
7.338461857308346
-34.5810767475198
15
72.65314450179548
46.099125964834435
19
1.0307055025313616
63.73779569110949
2
55.075960783925865
-25.07910811060616
1
32.60826095911999
4.272443194202459
11
72.95889062335684
-3.466970510708407
8
89.69734908789471
74.4582316860006
9
43.018366361424185
82.0721512602866
9
70.42567802866199
-20.946660573419916
1
78.16431764741787
17.847219676115024
3
-7.191080441814449
28.27282180511221
1
93.99176781063167
11.151397560190837
8
87.25960010945951
68.27604422571298
6
6.666456465843439
78.42488101681892
7
47.105144198574806
34.437629426256855
8
52.346741482133154
35.300244615833186
3
93.55918805649623
84.94146430983437
2
62.90365444324823
77.98514896680376
14
-21.42689175284685
-13.035438382323125
4
99.30232615694675
37.134543588814786
15
46.88291127089556
-6.739083200872262
6
90.74011714290592
93.60708612308659
5
-28.55690879746132
-22.121016049135186
10
56.49474883425478
69.15669520264635
11
55.124566575712095
56.33776525425112
8
79.45342415389263
98.33273845196945
18
39.33593926055747
14.27165051476804
7
-7.936773327085035
-13.217165737075696
2
-4.106671497032977
-10.71507046565123
3
71.74646728958368
5.662614353094547
14
30.09829273064325
87.37128744941484
7
-31.200250468651923
-9.299986570853711
10
-8.678900241187051
60.74059559829997
5
114.17372506598258
47.526513481651996
12
-27.18437341448859
-16.1172326221233
5
49.462261692233454
20.63940738896266
5
5.719842014323461
31.959702014866643
8
79.08030416634327
25.772733740977486
16
-30.063270718778107
-19.282743876932937
5
19.173227167069072
33.4216461371721
2
-22.857431164466774
30.255297100362164
6
-18.56102853120033
56.867166915317235
1
