43.84430981157332
74.35971284044801
57.49579908517743
67.1944401085598
10
52.13756198181315
48.64531869059036
3
74.47848826994053
75.677003554697
10
62.53987790192625
51.790047029507626
7
72.85884969284737
71.261498903904
14
69.5508324218866
68.38410280657182
6
50.19961062539428
63.27314209493864
4
66.19816116706887
71.06520558456751
14
50.38156269709272
48.57813435199286
10
60.152694567517784
66.77728375729575
9
55.334500489509296
50.6334986034465
1
56.95940351486905
75.0549274463087
5
69.08341967132928
51.40039647735385
8
48.76393454281759
59.02010700894542
2
57.25776566193033
62.13868122950464
17
70.32876085974041
62.200643297520124
2
68.81162656808668
61.4069424746271
18
67.42835899515393
73.21396348350973
11
51.74625853629246
56.48326199517612
20
45.89316511849822
48.401224471875565
10
55.20254675750212
72.73718586852787
3
55.85139600649307
72.99513287713734
4
54.25295383338192
70.9263992293419
14
61.76648635512286
63.60834418251254
1
71.35957669522062
71.88725415949247
1
51.60306706596931
54.56744269683514
14
66.72329810567174
73.58408788692202
11
56.97255656069876
76.78453832983757
3
67.486072176655
65.37224305533613
13
62.709896603870206
74.81322480805628
4
62.52956046630071
49.71852243345067
3
47.4163984801372
70.2773665603892
1
63.716813442722696
55.3409896331024
1
51.74461946467561
69.86125526829906
4
72.57385701360006
71.31725702651657
5
52.525174395757375
57.17958329674286
13
55.67988398732286
70.33291362735079
1
71.38943508903806
50.26969185571113
4
66.60830488147347
68.30829899706404
5
50.21123853949796
49.961286043064824
9
50.0281572738573
65.17256904680825
14
56.94288928154696
67.09490392747136
22
50.877732074195194
48.465307744403304
9
68.93020771194828
62.19128856024251
4
56.548044065678795
75.82735088462877
6
74.3429400136426
62.78872308988894
1
53.014468900805106
62.435005386103434
9
54.52663632475549
65.46460638388085
9
50.05526425889965
58.31997902066446
11
49.123134337194855
65.55235926819802
21
