99.75262536901218
10.179848414533108
86.20467762505342
6.852328677831314
12
71.80315757241976
2.3936394545179374
16
75.18589767889718
-3.626852589860392
10
63.48819318490872
7.0020132049780655
10
70.6422709743511
13.177120567769123
6
69.02832456903344
12.211905908201242
1
82.29473660354945
6.462265100637
3
74.64347618577949
15.697010392685254
1
67.55431132706316
2.168892465834282
2
70.55611882767062
-5.19421443017041
5
81.2782584084354
7.256950260719177
6
73.30173547589703
0.08779205851775718
11
80.2602579274272
19.807818860875756
12
65.84295092444464
-2.066160729726291
11
77.77110637231466
-0.013596412296747573
15
67.09579502954568
11.81172095212601
2
59.12469783008157
4.801871545786059
9
76.75502948057773
-0.006042030556471012
17
63.3594730902456
-2.4916208077527466
4
85.83324279976046
10.915483539188092
5
72.63088832246879
11.93428254490167
8
64.25432346719951
-1.4797517419746429
18
6.834845909018204
30.820294702619062
8
19.990815370523322
31.5727030758179
11
15.566528089492353
53.19529351407982
2
15.251228557568526
50.950806405882915
3
10.197232400359612
28.771235543665323
21
19.17356576657059
47.556090294062
6
5.59200364471141
30.451947925310847
8
8.427372465824753
35.56838928209841
14
21.34312014288934
33.935427976880675
1
9.683654542114484
38.21288435303255
1
2.486825193526398
30.30758374446795
6
18.231151390985588
39.392653548456614
11
16.10948763585978
50.970610448449804
6
19.08062169663347
49.434855205685835
5
4.4143903509151805
37.836285161728476
1
21.04850435128978
41.078878416069756
5
17.238498435577128
46.7034688006303
4
14.910080442716906
42.136035438184464
7
14.404945827790831
43.014386007326834
3
2.8110403228363356
28.208341020267653
5
12.790413232500113
28.016545203975905
18
14.612326962751139
27.540017234041763
4
4.437967252861084
29.273076876160466
1
9.819479036524063
26.509583914684928
3
11.029392207053624
36.339160678856494
11
11.59717342223758
39.076130004951764
10
8.814362491816388
28.389967615732992
13
11.041273916105228
53.72668281452854
8
