0.08902621,5000,30.08474633,0.00601695,0.00000006,236,25718.51007500
0.08903781,5000,30.97480846,0.00619496,0.00000006,236,26070.62698670
0.08864417,5000,30.18496468,0.00603699,0.00000006,235,25937.89457550
0.08860137,5000,30.69604888,0.00613921,0.00000006,236,26109.59586043
0.08904255,5000,29.89917277,0.00597983,0.00000006,236,26104.29460156
0.17735442,5000,106.36546842,0.02127309,0.00000006,235,25549.02796805
0.17726609,5000,108.74327777,0.02174866,0.00000006,236,25923.92998967
0.17740222,5000,104.79472067,0.02095894,0.00000006,236,25718.70417230
0.17787033,5000,108.19141257,0.02163828,0.00000006,236,25833.96850424
0.17739185,5000,104.99830333,0.02099966,0.00000006,235,25395.81955294
0.27120902,5000,291.07196713,0.05821439,0.00000006,235,25252.64027030
0.26585974,5000,288.64637589,0.05772928,0.00000006,235,24929.23017998
0.26585584,5000,294.66048842,0.05893210,0.00000006,236,25461.50569627
0.26584245,5000,289.79847223,0.05795969,0.00000006,235,25197.76494650
0.26599386,5000,291.67697760,0.05833540,0.00000006,235,25245.30031118
