0.11161284,5000,33.00381563,0.00660076,0.00000004,258,38672.10179192
0.11150958,5000,32.80290150,0.00656058,0.00000004,257,38382.76505875
0.11160409,5000,33.31287211,0.00666257,0.00000004,257,38719.40027226
0.11161169,5000,33.42499459,0.00668500,0.00000004,257,38411.65859282
0.11187364,5000,33.10303071,0.00662061,0.00000004,258,38594.33878052
0.22312690,5000,116.22606215,0.02324521,0.00000004,257,38255.23361489
0.23417592,5000,119.06391717,0.02381278,0.00000004,256,38581.83418883
0.22294227,5000,114.45674544,0.02289135,0.00000004,255,38035.50481823
0.22290905,5000,117.32731178,0.02346546,0.00000004,258,38504.00245372
0.22330389,5000,117.04698303,0.02340940,0.00000004,256,38089.62349738
0.33489329,5000,320.62587477,0.06412517,0.00000004,256,38048.24959115
0.34187138,5000,317.98016913,0.06359603,0.00000004,254,37559.99927210
0.33522980,5000,320.93156246,0.06418631,0.00000004,256,38019.62718247
0.33450886,5000,317.88709796,0.06357742,0.00000004,255,37699.02498156
0.33495256,5000,318.05339666,0.06361068,0.00000004,255,37673.99922712
