0.00421589,5000,9.25701382,0.00185140,0.00000027,47,5292.18291237
0.00422228,5000,9.23078883,0.00184616,0.00000027,47,5306.79041839
0.00425488,5000,9.33039982,0.00186608,0.00000028,47,5269.35546523
0.00419999,5000,9.31682850,0.00186337,0.00000027,47,5280.20684584
0.00422713,5000,9.21348434,0.00184270,0.00000027,47,5296.15501247
0.00842219,5000,38.81179869,0.00776236,0.00000028,47,5268.35070707
0.00840371,5000,39.16722006,0.00783344,0.00000027,47,5281.13305395
0.00836062,5000,38.71991244,0.00774398,0.00000028,47,5244.21373247
0.00845030,5000,38.84120527,0.00776824,0.00000027,47,5292.31931418
0.00834620,5000,38.45454208,0.00769091,0.00000028,47,5258.94968500
0.01267035,5000,135.56283916,0.02711257,0.00000027,47,5289.24004975
0.01279149,5000,135.28774993,0.02705755,0.00000028,47,5265.70651820
0.01257514,5000,135.21198988,0.02704240,0.00000028,47,5211.26109204
0.01256321,5000,135.23290835,0.02704658,0.00000028,47,5199.17803182
0.01255378,5000,136.11391397,0.02722278,0.00000028,47,5205.48174478
