0.00605789,5000,9.95174654,0.00199035,0.00000019,51,7697.78143252
0.00567985,5000,9.57847595,0.00191570,0.00000020,50,7547.48714145
0.00569667,5000,9.75421532,0.00195084,0.00000020,51,7547.37836733
0.00565638,5000,9.84575415,0.00196915,0.00000019,51,7725.22285292
0.00565609,5000,9.55400927,0.00191080,0.00000020,50,7523.74549125
0.01132524,5000,40.81026214,0.00816205,0.00000020,50,7487.83720345
0.01133842,5000,40.23877228,0.00804775,0.00000020,50,7523.85062869
0.01129577,5000,40.02166570,0.00800433,0.00000020,51,7500.12370682
0.01133500,5000,39.99039675,0.00799808,0.00000020,50,7466.60051469
0.01134884,5000,39.61276225,0.00792255,0.00000020,50,7539.01769376
0.01733474,5000,139.56582722,0.02791317,0.00000020,50,7407.62329153
0.01695218,5000,139.22398351,0.02784480,0.00000020,50,7337.61401002
0.01727292,5000,137.37012332,0.02747402,0.00000020,49,7380.48216212
0.01700003,5000,137.65616592,0.02753123,0.00000020,49,7371.47677399
0.01715089,5000,136.85649063,0.02737130,0.00000020,49,7392.58642241
